4.464480e+02
4.275120e+02
4.431200e+02
3.899120e+02
2.359352e+03
4.226328e+03
3.723944e+03
2.093520e+02
1.144048e+03
1.334096e+03
1.494400e+03
1.470544e+03
1.552760e+03
1.575832e+03
1.508232e+03
1.486760e+03
3.791440e+02
4.520160e+02
4.080960e+02
4.259200e+02
4.473360e+02
1.677168e+03
2.871192e+03
2.885640e+03
2.926072e+03
2.869448e+03
2.885552e+03
2.833592e+03
2.871400e+03
2.732256e+03
2.862520e+03
2.854368e+03
2.797896e+03
2.823048e+03
2.866400e+03
2.778552e+03
2.756552e+03
7.598768e+03
7.275424e+03
6.507592e+03
8.857416e+03
9.011128e+03
8.241240e+03
5.509800e+03
5.467520e+03
5.462760e+03
5.181896e+03
5.170144e+03
5.460664e+03
5.377544e+03
5.340368e+03
5.650728e+03
7.110848e+03
7.156736e+03
6.306168e+03
6.662664e+03
7.597856e+03
7.497136e+03
9.693776e+03
7.332064e+03
6.961048e+03
6.787624e+03
6.993440e+03
5.996192e+03
7.326736e+03
9.977664e+03
7.967840e+03
5.960384e+03
8.898920e+03
9.311152e+03
9.732424e+03
9.373656e+03
9.266280e+03
9.484560e+03
9.807960e+03
9.315344e+03
9.404992e+03
6.274176e+03
7.757208e+03
8.197976e+03
7.625192e+03
4.678544e+03
6.155768e+03
8.646392e+03
8.311640e+03
6.726056e+03
5923
6.311920e+03
7.284536e+03
6.462024e+03
6.809616e+03
6.669192e+03
6.615368e+03
8.888040e+03
9.589008e+03
9.331368e+03
9.126344e+03
8.911640e+03
9.026488e+03
9.449104e+03
8.596232e+03
8.406952e+03
8.079328e+03
8.909912e+03
1.046904e+04
6.781608e+03
3.294024e+03
2.431680e+02
2.576160e+02
2.609920e+02
3.053040e+02
2.380080e+02
3.149920e+02
4.093680e+02
8.718880e+02
1.641536e+03
6.199840e+02
6.481600e+02
6.819520e+02
6.226800e+02
5.950960e+02
6.153040e+02
6.031760e+02
6.316400e+02
6.373360e+02
6.791200e+02
6.940720e+02
7.006880e+02
7.301280e+02
7.619840e+02
7.518480e+02
7.828400e+02
804
8.220480e+02
8.378400e+02
8.891920e+02
8.893360e+02
8.907920e+02
9.049040e+02
9.082480e+02
3.802736e+03
6.846136e+03
6.988840e+03
7.821424e+03
9.078864e+03
9.141472e+03
1.040902e+04
1.105416e+04
1.089545e+04
9.286872e+03
8.294208e+03
9.550888e+03
1.178793e+04
1.183705e+04
1.031241e+04
1.133018e+04
7.437912e+03
8.031264e+03
9.468848e+03
9.855736e+03
8.785800e+03
9.930200e+03
1.011606e+04
9.887504e+03
1.052254e+04
9.883088e+03
9.537872e+03
7.602192e+03
6.726544e+03
6.576680e+03
6.489360e+03
5.764512e+03
4.943424e+03
6.719440e+03
9.274888e+03
9.435144e+03
9.723712e+03
1.048062e+04
1.140191e+04
1.136449e+04
1.196610e+04
1.014715e+04
8.991872e+03
1.305654e+04
1.370229e+04
1.399527e+04
1.363474e+04
1.378543e+04
1.408819e+04
1.299002e+04
1.258251e+04
1.232914e+04
1.169121e+04
9.714480e+03
1.087350e+04
1.125179e+04
1.179996e+04
9.175816e+03
8.315720e+03
7.036560e+03
7.235368e+03
6.360720e+03
6.733008e+03
7.525888e+03
7.113144e+03
7.066080e+03
6.012272e+03
5.799472e+03
6.211112e+03
6.339256e+03
7.367920e+03
7.237472e+03
8.054160e+03
1.074332e+04
1.102278e+04
1.081310e+04
8.744280e+03
8.298144e+03
8.244960e+03
7.838216e+03
8.211336e+03
8.493504e+03
8.755648e+03
9.427328e+03
9.775264e+03
1.044730e+04
1.019380e+04
1.006279e+04
1.031162e+04
1.042972e+04
1.027682e+04
1.035154e+04
8.569544e+03
8.858016e+03
7.510560e+03
4.184880e+03
5.251232e+03
5.454208e+03
8.456904e+03
7.601992e+03
6.531552e+03
7.933144e+03
9.391840e+03
7.767160e+03
7.593216e+03
7.102120e+03
6.645904e+03
6.356776e+03
6.974184e+03
8.096936e+03
8.122472e+03
7.057936e+03
8.196688e+03
6.236728e+03
8.595816e+03
8.868216e+03
9.676968e+03
7.795064e+03
7.197504e+03
7.050904e+03
7.766464e+03
7.394088e+03
8.092640e+03
7.585624e+03
7.459144e+03
7.135136e+03
6.660384e+03
6.532936e+03
5.080584e+03
4.463168e+03
4.463872e+03
4.572872e+03
4.607112e+03
4.666368e+03
4.492472e+03
4.640680e+03
4.660584e+03
5.139352e+03
5.016312e+03
6.044864e+03
6.708512e+03
6.423832e+03
5.818528e+03
5.928072e+03
5.846624e+03
6.253512e+03
5.486848e+03
4.235288e+03
3.744088e+03
3.064176e+03
3.903680e+03
3.593312e+03
9.814040e+03
1.022166e+04
1.012204e+04
1.022930e+04
8.726840e+03
7.352304e+03
7.564256e+03
9.401616e+03
9.881720e+03
9.279064e+03
9.588320e+03
1.081198e+04
1.077228e+04
1.042254e+04
1.084839e+04
7.347464e+03
8.690528e+03
1.245644e+04
1.226514e+04
1.200189e+04
1.183905e+04
1.390501e+04
1.367260e+04
1.388906e+04
1.454849e+04
1.516402e+04
1.538989e+04
1.612946e+04
1.680964e+04
1.691062e+04
1.727976e+04
1.710534e+04
1.338420e+04
7.094464e+03
7.470648e+03
8.860920e+03
7.107696e+03
8.261240e+03
6.472544e+03
4.701480e+03
4.951488e+03
6.118832e+03
6.228048e+03
1.659090e+04
1.550410e+04
1.443926e+04
8.285400e+03
6.025432e+03
7.331320e+03
9.509960e+03
1.036534e+04
1.031679e+04
9.918352e+03
9.877832e+03
7.998216e+03
5.257872e+03
6.105264e+03
6.631248e+03
8.945808e+03
9.076440e+03
7.813824e+03
7.050336e+03
7.808424e+03
8.878160e+03
9.649728e+03
1.020282e+04
1.002591e+04
9.154416e+03
8.792720e+03
6.747192e+03
6.863152e+03
7.064944e+03
6.939560e+03
7.082416e+03
7.103832e+03
6.947520e+03
7.069664e+03
6.927368e+03
8.595808e+03
1.128224e+04
1.137834e+04
1.288698e+04
1.308006e+04
1.289249e+04
1.259155e+04
1.237983e+04
1.272902e+04
1.151514e+04
1.159778e+04
1.157551e+04
1.279699e+04
1.050076e+04
9.502376e+03
8.234504e+03
8.376976e+03
8.737568e+03
8.807328e+03
9.916456e+03
9.853536e+03
1.077474e+04
9.218656e+03
8.305736e+03
7656
1.007097e+04
1.103520e+04
1.075697e+04
9.049480e+03
8.087696e+03
8.006600e+03
1.108144e+04
1.175571e+04
1.187977e+04
1.030761e+04
1.124539e+04
1.126089e+04
1.208759e+04
1.197918e+04
1.136374e+04
1.175348e+04
1.200885e+04
1.178937e+04
1.181877e+04
1.121941e+04
1.059634e+04
1.060838e+04
1.081608e+04
9.837992e+03
8.042200e+03
7.255984e+03
5.702648e+03
5.752720e+03
1.240578e+04
1.314834e+04
1.274863e+04
1.146712e+04
1.204098e+04
1.396209e+04
1.466748e+04
1.491730e+04
1.509034e+04
1.553438e+04
1.380465e+04
1.244644e+04
1.140625e+04
1.100585e+04
1.122146e+04
1.072262e+04
1.065637e+04
1.072523e+04
1.047851e+04
1.035691e+04
1.037110e+04
9.906088e+03
9.924440e+03
9.922392e+03
1.013282e+04
1.102574e+04
9.975664e+03
1.055834e+04
1.052674e+04
8.760400e+03
6.687816e+03
7.292648e+03
8.313848e+03
8.151192e+03
8.093224e+03
1.037446e+04
1.144167e+04
1.151998e+04
1.145714e+04
1.148574e+04
1.107841e+04
1.199739e+04
9.225392e+03
1.102380e+04
1.054303e+04
1.147810e+04
1.243726e+04
1.086058e+04
1.060101e+04
1.059321e+04
1.242372e+04
1.223551e+04
7.411872e+03
8.630080e+03
1.116533e+04
1.099266e+04
9.962752e+03
1.050410e+04
1.117002e+04
9.006288e+03
5.935152e+03
8.551368e+03
8.851192e+03
8.361384e+03
6.295616e+03
6.648848e+03
6.427112e+03
6.469144e+03
9.356456e+03
1.165934e+04
1.113202e+04
8.744832e+03
1.058416e+04
1.083386e+04
1.065806e+04
1.076945e+04
1.050828e+04
1.087170e+04
1.052375e+04
1.042577e+04
1.100854e+04
1.133929e+04
1.131413e+04
8.930872e+03
7.969632e+03
5.853376e+03
1.024686e+04
1.323469e+04
9.683688e+03
1.283863e+04
1.193182e+04
8.783376e+03
8.885856e+03
1.183911e+04
1.203165e+04
1.250586e+04
1.280857e+04
1.284046e+04
7.673208e+03
7.904352e+03
8.048856e+03
7.962632e+03
7.568272e+03
7.065056e+03
1.187490e+04
1.307326e+04
1.075305e+04
9.662520e+03
1.196297e+04
1.196924e+04
1.230788e+04
1.238641e+04
1.243971e+04
8.756544e+03
8.460384e+03
8.852984e+03
8.624256e+03
8.919104e+03
1.475846e+04
1.692617e+04
1.672062e+04
1.615270e+04
1.536189e+04
1.589282e+04
1.653259e+04
1.117370e+04
9.431832e+03
7.632280e+03
5.704800e+03
8.653464e+03
1.283654e+04
12681
1.245849e+04
1.214563e+04
1.227214e+04
1.179290e+04
1.178928e+04
1.135588e+04
3.370320e+03
9.050312e+03
1.259146e+04
1.011862e+04
9.008888e+03
1.109640e+04
1.136128e+04
1.177908e+04
1.153651e+04
1.227652e+04
1.325014e+04
1.347988e+04
1.379908e+04
1.001908e+04
9.093928e+03
8.930248e+03
8.950760e+03
9.099048e+03
9.243944e+03
8.845400e+03
7.388952e+03
6.556320e+03
6.602176e+03
6.905080e+03
6.298944e+03
6.793288e+03
5.710600e+03
6.721208e+03
7.093128e+03
6.598192e+03
4.796760e+03
6.806272e+03
6.791824e+03
6.305928e+03
5.836632e+03
6.855792e+03
7.850848e+03
7.987064e+03
7.683104e+03
6.553272e+03
6.702896e+03
6.440392e+03
6.540608e+03
6.436328e+03
8.761648e+03
1.174778e+04
1.125954e+04
9.461480e+03
9.361416e+03
9.387192e+03
1.007398e+04
1.143946e+04
7.307952e+03
5.349656e+03
6.017384e+03
5.524864e+03
5.727192e+03
5.962672e+03
7.376664e+03
1.561811e+04
1.571498e+04
1.356179e+04
9.065416e+03
8.935312e+03
8.840768e+03
9.558288e+03
7.883488e+03
6.822240e+03
8.594592e+03
8.242768e+03
8.916608e+03
1.297994e+04
1.511780e+04
1.305734e+04
8.966256e+03
1.039728e+04
7.698504e+03
9.537904e+03
5.926792e+03
8.064160e+03
7.017536e+03
7.456552e+03
7.755072e+03
7.651480e+03
7.327528e+03
7.597152e+03
6.592696e+03
7.513840e+03
7.321304e+03
8.966952e+03
8.581336e+03
7.121488e+03
7.269272e+03
4.851056e+03
4.512624e+03
7.041256e+03
7.360712e+03
7.206312e+03
8.863008e+03
1.591072e+04
1.379568e+04
1.231090e+04
1.330247e+04
1.295765e+04
7.681544e+03
7.447224e+03
8.699928e+03
8.669064e+03
8.974792e+03
9.257456e+03
9.122112e+03
9.089624e+03
9.112736e+03
8.837208e+03
9.337208e+03
9.272464e+03
8.691328e+03
9.544448e+03
9.005344e+03
7.492520e+03
6.125936e+03
5.624696e+03
5.660696e+03
5.736584e+03
6.765480e+03
6.060528e+03
6.284504e+03
6.240592e+03
6.575360e+03
7.876072e+03
7.066784e+03
5.985544e+03
5.989960e+03
6.301600e+03
7.108048e+03
5.674944e+03
6.119392e+03
7.635288e+03
8.756168e+03
7.149816e+03
6.491104e+03
6.115696e+03
6065
6.692616e+03
7.494592e+03
6.410384e+03
5.987952e+03
6.434752e+03
7.703936e+03
7.336144e+03
1.360652e+04
1.403277e+04
1.276056e+04
1.024503e+04
1.396302e+04
1.230157e+04
8.667848e+03
9.384832e+03
1.102106e+04
1.092678e+04
9.710736e+03
7.776248e+03
8.939752e+03
1.000554e+04
7.403776e+03
8386
1.181998e+04
1.271703e+04
1.128937e+04
9.391056e+03
7.433248e+03
6.151144e+03
5.843696e+03
5.357496e+03
5.376176e+03
5.284592e+03
5.785840e+03
9.960080e+03
6.970848e+03
6.843936e+03
7.048080e+03
6.793736e+03
6.732632e+03
6.825936e+03
5.348688e+03
5.334552e+03
5.416776e+03
5.238864e+03
1.246570e+04
1.285981e+04
1.148885e+04
9.457392e+03
1.108178e+04
1.023018e+04
9.331768e+03
9.057176e+03
9.313792e+03
9.453376e+03
8.372480e+03
7.063464e+03
6.119304e+03
6.957376e+03
7.293872e+03
5.842344e+03
5.422472e+03
6.970032e+03
6.469216e+03
5.933576e+03
5.704696e+03
6.162224e+03
6.194248e+03
6.395280e+03
6.500064e+03
6.605952e+03
6.748232e+03
6.716712e+03
7.023592e+03
7719
7.663976e+03
7.531560e+03
5.952480e+03
7.658840e+03
7.482192e+03
7.403168e+03
7.293192e+03
7.754472e+03
5.863312e+03
5.926696e+03
5.924152e+03
6.718288e+03
7.109296e+03
6.980840e+03
7.013832e+03
7.318816e+03
8.069184e+03
7.567344e+03
7.885736e+03
7.166264e+03
6.900456e+03
6.710008e+03
6.939992e+03
5.801200e+03
5.824416e+03
6.030856e+03
4.753768e+03
3.805512e+03
4.289496e+03
4.727144e+03
4.578976e+03
4.804360e+03
4.393704e+03
4.558800e+03
6.302200e+03
5.942608e+03
5.690944e+03
6.192856e+03
5.761216e+03
4.802704e+03
4.536312e+03
4.425112e+03
4.831152e+03
4.658296e+03
4.737176e+03
5.565456e+03
5.272856e+03
5.593368e+03
5.451496e+03
5.566096e+03
5.426880e+03
5.311760e+03
5.605296e+03
5.894912e+03
5.326128e+03
1.030790e+04
1.261012e+04
9.773912e+03
9.578376e+03
9.643872e+03
8.825376e+03
8.505520e+03
8.365416e+03
8.225776e+03
8.603632e+03
8.949968e+03
8.743088e+03
8.174152e+03
8.173896e+03
8.364808e+03
8.351824e+03
8.453504e+03
9.331192e+03
9.647312e+03
9.106256e+03
8.918536e+03
8.767328e+03
8.061752e+03
7.934664e+03
7.395656e+03
7.335936e+03
7.319040e+03
7.163448e+03
7.261864e+03
7.584880e+03
7.281056e+03
7.123192e+03
6.985224e+03
6.871120e+03
6.660880e+03
7.059248e+03
6.998752e+03
7.075824e+03
7.123280e+03
6.842696e+03
6.023760e+03
6.040664e+03
6.713768e+03
7.478928e+03
8.438920e+03
8.141584e+03
6.962320e+03
6.069248e+03
5.654136e+03
5.416568e+03
5.387464e+03
8.470848e+03
9.576256e+03
8.619200e+03
8.052952e+03
7.331032e+03
6.961048e+03
6.909440e+03
6.816064e+03
6.774520e+03
7.560672e+03
7.428992e+03
7.432456e+03
6.794640e+03
7.114768e+03
8.256176e+03
8.787656e+03
9.714296e+03
9.685768e+03
9.761024e+03
9.134664e+03
1.024434e+04
7.710216e+03
7.672360e+03
9.482256e+03
9.445360e+03
9.776416e+03
9.472776e+03
9.959592e+03
9.027936e+03
9.053336e+03
8.661840e+03
8.081928e+03
8.217848e+03
7.640936e+03
6.878704e+03
7.099648e+03
7.070184e+03
7.018424e+03
6.883152e+03
7.027648e+03
6.728440e+03
6.640744e+03
2.953480e+03
3.365376e+03
3.899704e+03
4.258800e+03
2.931728e+03
3.019584e+03
3.203760e+03
3.730312e+03
4.770184e+03
5.511992e+03
4.432848e+03
4.039288e+03
4.479760e+03
3.499936e+03
1.411464e+03
1.367888e+03
1.615992e+03
2.372656e+03
2.284984e+03
2.185104e+03
2.206768e+03
2.582288e+03
5.466920e+03
4.770448e+03
7.447248e+03
6.878944e+03
7.832576e+03
8.623176e+03
6.985576e+03
6.297688e+03
6.686848e+03
5.821744e+03
5.612752e+03
5.874896e+03
5.594608e+03
6.448408e+03
6.163496e+03
5.339504e+03
4.435928e+03
7.440112e+03
7.930696e+03
8.113680e+03
7.621544e+03
8.372112e+03
6.759192e+03
6.237808e+03
5.889984e+03
7.445216e+03
6.902496e+03
8.203104e+03
8.686496e+03
8.440712e+03
7.629384e+03
7.359952e+03
7.694536e+03
7.372312e+03
7.713360e+03
6.963672e+03
6.742008e+03
7.342248e+03
7.578256e+03
7.649544e+03
9.106808e+03
9.692320e+03
8.899608e+03
9.831512e+03
1.054764e+04
7.989352e+03
7.734600e+03
7.922328e+03
7.851880e+03
7.484464e+03
6.983296e+03
6.906520e+03
8.265720e+03
7.727056e+03
6.937928e+03
6.442280e+03
6.956328e+03
5.977600e+03
5.552440e+03
4.840872e+03
5.987944e+03
7.950504e+03
7.646552e+03
7.059976e+03
7.154200e+03
7.306216e+03
7.453064e+03
7.568144e+03
7.563504e+03
8.741856e+03
8.783984e+03
9.354160e+03
8.064344e+03
6.620536e+03
6.134944e+03
5.925736e+03
6.389808e+03
8.651232e+03
7.785928e+03
7.783408e+03
7.554136e+03
7.483728e+03
6.730032e+03
7.103040e+03
9.348728e+03
7.711856e+03
6.869016e+03
1.018560e+04
1.032077e+04
1.074163e+04
1.037568e+04
1.048916e+04
1.046482e+04
8.057928e+03
8.989640e+03
9.818704e+03
7.629928e+03
7.131344e+03
7.899352e+03
7.095288e+03
6.815608e+03
6.638208e+03
6.564128e+03
6.486776e+03
6.538344e+03
8.814080e+03
8.656432e+03
8.059184e+03
7.900456e+03
8.544008e+03
7.952240e+03
7.315912e+03
6.808568e+03
6.319736e+03
6.540344e+03
7.192280e+03
7.319656e+03
7.335672e+03
7.170352e+03
7.160192e+03
7.436208e+03
7.367344e+03
7.667480e+03
7.450552e+03
7.953736e+03
1.012117e+04
9.794280e+03
7.966552e+03
8.044464e+03
7.805472e+03
7.594888e+03
8.321200e+03
7.666904e+03
7.708776e+03
8.567440e+03
7.467512e+03
7.520848e+03
7.086248e+03
7.214600e+03
8.125048e+03
8.002344e+03
7.860520e+03
7200
7.355120e+03
6.822432e+03
6.652592e+03
9.032952e+03
1.009718e+04
9.686040e+03
1.015316e+04
1.029075e+04
9.273496e+03
8.390960e+03
8.783328e+03
7.227304e+03
1.048495e+04
8.260944e+03
8.992288e+03
9.460168e+03
8.589224e+03
8.041048e+03
7.867800e+03
1.046492e+04
1.026542e+04
9.647544e+03
9.698584e+03
9.811184e+03
9.994224e+03
1.028561e+04
1.015187e+04
9.907144e+03
9.199560e+03
7.485536e+03
6.821408e+03
6.825144e+03
6.707568e+03
7.745848e+03
9.245064e+03
9.224472e+03
1.182166e+04
1.187278e+04
1.156710e+04
7.247248e+03
7.770488e+03
9.425752e+03
9.688872e+03
8.589464e+03
7.722688e+03
8.892504e+03
9.035080e+03
7.430976e+03
9.761752e+03
1.063826e+04
1.115808e+04
8.380920e+03
6.740624e+03
6.877368e+03
6.469864e+03
7.625528e+03
9.035560e+03
8.698304e+03
8.929768e+03
8.712504e+03
7.300736e+03
7.126232e+03
5.215544e+03
5.174336e+03
6.748488e+03
8.089976e+03
9.985752e+03
9.409568e+03
8.971080e+03
8.339192e+03
6.586488e+03
5.971264e+03
7.631240e+03
8.619016e+03
9.115448e+03
8.579584e+03
8.798528e+03
8.083240e+03
8.005200e+03
7.209920e+03
7.037032e+03
6.531168e+03
5.961256e+03
6.028192e+03
3.542016e+03
2.652792e+03
5.695968e+03
7.297712e+03
7.016560e+03
7.209664e+03
7.196632e+03
6.823864e+03
5.245408e+03
7.282352e+03
7.479128e+03
7.353856e+03
7.553720e+03
5.944864e+03
5.400960e+03
7.086928e+03
7.566088e+03
8.032808e+03
9.603856e+03
8008
5.155224e+03
6.248096e+03
7.091808e+03
6.496840e+03
6.390448e+03
6.470400e+03
6.286392e+03
5.993544e+03
5.835496e+03
5.439560e+03
5.284256e+03
5.355168e+03
5.258344e+03
5.047776e+03
4.960840e+03
5.948704e+03
6.514568e+03
6.646840e+03
6.875072e+03
7.519904e+03
8.379520e+03
8.363184e+03
7.805704e+03
6.869664e+03
6.306920e+03
6.509120e+03
5.535016e+03
5.109152e+03
4.721672e+03
4.608976e+03
4.977448e+03
4.585336e+03
4.840400e+03
5.044592e+03
6.381976e+03
7.741584e+03
7.647320e+03
9.745720e+03
1.047673e+04
1.036258e+04
6.435400e+03
9.531800e+03
9.804048e+03
9.207768e+03
8698
7.408488e+03
5.362360e+03
6.865752e+03
6.702848e+03
5.296248e+03
5.158440e+03
5.160992e+03
5.366104e+03
8.200928e+03
7.820872e+03
6.094576e+03
9.397072e+03
8.778880e+03
8.321168e+03
7.691360e+03
8.159672e+03
8.462712e+03
8.214120e+03
7.360568e+03
6.983816e+03
6.649648e+03
6.495168e+03
6.486512e+03
6.704800e+03
6.729448e+03
6.533384e+03
6.077336e+03
6.786040e+03
6.699472e+03
6.523656e+03
6.293824e+03
6.399592e+03
6.191352e+03
5.307528e+03
5.562304e+03
5.339560e+03
6.150672e+03
5.617696e+03
5.700336e+03
5.445272e+03
8.262264e+03
1.179318e+04
9.738552e+03
6.239872e+03
6.355136e+03
6.653640e+03
6.752600e+03
6.729936e+03
6.209624e+03
3.845824e+03
3.849376e+03
5.910952e+03
6.487864e+03
7.362728e+03
7.675400e+03
9.385280e+03
9.887032e+03
9.613184e+03
9.633328e+03
9.260552e+03
8.766840e+03
1.070279e+04
9.710864e+03
9.948208e+03
9.413224e+03
9.722968e+03
8.306952e+03
7.322968e+03
7.744768e+03
8.151704e+03
8.346792e+03
8.461120e+03
9.413504e+03
9.502688e+03
9.274104e+03
8.816168e+03
8.705248e+03
8.585208e+03
8.515272e+03
1.028655e+04
9.179568e+03
8.617968e+03
8.895192e+03
8.868432e+03
9.038760e+03
9.373608e+03
9.574968e+03
9422
9.708912e+03
9.787704e+03
9.184736e+03
9.590072e+03
1.001666e+04
1.024403e+04
9.701648e+03
8.733504e+03
8.934984e+03
8.122392e+03
7.337736e+03
6.370120e+03
6.816400e+03
6.719448e+03
6.406088e+03
8.353832e+03
9.143184e+03
8.896976e+03
9.514704e+03
9.101304e+03
8.322992e+03
8.056344e+03
7.980856e+03
7.817648e+03
7.606872e+03
9.218144e+03
1.255002e+04
1.383251e+04
1.286814e+04
1.118804e+04
1.033679e+04
9.779152e+03
4.933232e+03
7.917816e+03
1.394810e+04
1.560778e+04
1.500879e+04
8.142080e+03
9.538488e+03
9.018768e+03
9.469056e+03
9.190408e+03
8.732768e+03
8.716968e+03
8.737048e+03
9.767848e+03
1.047197e+04
1.055188e+04
9.920016e+03
8.807680e+03
8.497824e+03
7.762760e+03
7.024424e+03
7.480624e+03
7.854048e+03
8.571280e+03
9.082760e+03
9.022384e+03
7.571952e+03
7.326976e+03
8.783568e+03
11037
1.029113e+04
1.079843e+04
9.775504e+03
8.226576e+03
8.988040e+03
1.041288e+04
1.039018e+04
1.141314e+04
1.121016e+04
1.063513e+04
8.614488e+03
8.524568e+03
8.439728e+03
7.605872e+03
7.888768e+03
8.663992e+03
1.033622e+04
9.800504e+03
1.083289e+04
1.122602e+04
1.179497e+04
1.212131e+04
1.060345e+04
1.093026e+04
1.013058e+04
9.365816e+03
8.955592e+03
8.750528e+03
1.029422e+04
9.227272e+03
9.056016e+03
8.299840e+03
8.369896e+03
8.832824e+03
8.195040e+03
5.798120e+03
6.882352e+03
9.178464e+03
8.776720e+03
7.644160e+03
7.248936e+03
7.534192e+03
1.003448e+04
1.071346e+04
8.439232e+03
8.053128e+03
7.821848e+03
8.116352e+03
8.223232e+03
8.068616e+03
8.858432e+03
9.577296e+03
9.407704e+03
8.321584e+03
8.564264e+03
8.811120e+03
8.539928e+03
8.370360e+03
8.093320e+03
8.677936e+03
9.025344e+03
9.162752e+03
9.139888e+03
8.533984e+03
6.934592e+03
6.903552e+03
8.507664e+03
8087
9.146304e+03
8.604008e+03
8.702184e+03
8.924200e+03
8.063792e+03
7404
6.876960e+03
7.036464e+03
7.220904e+03
6.999848e+03
7.654480e+03
7.780736e+03
8.784128e+03
6.454832e+03
6.991728e+03
9.030896e+03
3.187608e+03
5.325216e+03
9.048888e+03
7.925072e+03
8.579256e+03
9306
8.636128e+03
9.918448e+03
9.274112e+03
8.757736e+03
9.607176e+03
9.775672e+03
7.310656e+03
7.504584e+03
6.959296e+03
7.031568e+03
7.293040e+03
8.041528e+03
1.076419e+04
9.169552e+03
8.591392e+03
7403
7.071264e+03
7.109200e+03
7.199736e+03
8.206992e+03
8.461592e+03
9.514424e+03
9.903456e+03
1.021770e+04
1.013797e+04
9.044184e+03
8.691952e+03
8.477544e+03
8.538200e+03
7.955328e+03
7.728104e+03
8.296752e+03
7.936656e+03
8.573160e+03
8.467216e+03
8.931584e+03
9.280824e+03
8.651712e+03
8.363408e+03
8.959448e+03
9.680248e+03
9.201320e+03
7.742120e+03
7.225560e+03
8.521392e+03
8.355832e+03
8.860456e+03
6.834008e+03
6.323144e+03
6.401776e+03
6.665800e+03
8.289920e+03
9.687424e+03
8.209776e+03
7.618968e+03
7.405880e+03
7.708864e+03
8.151568e+03
8.423760e+03
9.130568e+03
9.212544e+03
8.267064e+03
7.607656e+03
7.400808e+03
7.801552e+03
8.633256e+03
9.065960e+03
6.153864e+03
6.318840e+03
7.827168e+03
7.692776e+03
7.457632e+03
8.256344e+03
8.241768e+03
9.274784e+03
9.168816e+03
9.359600e+03
8.740912e+03
9.290712e+03
8.952136e+03
8.461968e+03
8.727296e+03
8.534440e+03
8.137272e+03
7.172400e+03
7.310528e+03
7.482456e+03
6.007512e+03
8.873592e+03
9.520592e+03
8.630920e+03
1.269613e+04
9.018576e+03
7.628520e+03
6.288128e+03
7.313192e+03
9.632752e+03
8.038680e+03
6.457976e+03
7.308544e+03
1.004734e+04
1.200086e+04
5.113744e+03
5.494904e+03
5.210968e+03
5.561872e+03
6.211416e+03
6.433888e+03
7.116456e+03
9.221312e+03
9.023712e+03
5.682520e+03
5.927288e+03
5.356960e+03
5.781088e+03
7.711480e+03
1.148172e+04
4.644856e+03
6.690480e+03
7.671168e+03
8.308424e+03
8.105360e+03
7.593384e+03
7.143472e+03
7.227736e+03
6.666304e+03
8.163192e+03
7.882856e+03
8.133080e+03
9.474400e+03
1.486078e+04
8960
5.994672e+03
5.816152e+03
6.407384e+03
6.357592e+03
5.801336e+03
7.232472e+03
8.616168e+03
8.777256e+03
8.329232e+03
8.299536e+03
9.412464e+03
8.578520e+03
9.063512e+03
8.673016e+03
8.275792e+03
7.740088e+03
7.260544e+03
7.151320e+03
8.624120e+03
9.112848e+03
9.736368e+03
8.868776e+03
8.154272e+03
7.926544e+03
8.485952e+03
9.226784e+03
9.422440e+03
9.739576e+03
9.346056e+03
8.910136e+03
7.000552e+03
7.638312e+03
7.535336e+03
7.567768e+03
7.531456e+03
7.543992e+03
7.920376e+03
7.547936e+03
6.610072e+03
5.621832e+03
5.749528e+03
5.963568e+03
5.177936e+03
4.448496e+03
4.705792e+03
5.143688e+03
4.773200e+03
5.846616e+03
5.935216e+03
5.944408e+03
4.991408e+03
5.799952e+03
6.481480e+03
6.619232e+03
5.538856e+03
5.720864e+03
6.090288e+03
5.937312e+03
6.257520e+03
6.855328e+03
7.118128e+03
6.932192e+03
7.044560e+03
6.533208e+03
6.760088e+03
6.637680e+03
5.804144e+03
5.831248e+03
6.083904e+03
5.637240e+03
5.792016e+03
5.468352e+03
4.710088e+03
4.797344e+03
4.653344e+03
5.175224e+03
5.151496e+03
6.106032e+03
5.615384e+03
5.224504e+03
5.732432e+03
5.436752e+03
6.289592e+03
5.916120e+03
6.561768e+03
5.933280e+03
5.628872e+03
5.553024e+03
5.533488e+03
5.149488e+03
4.472184e+03
6.061792e+03
6.788032e+03
7.085584e+03
8.133744e+03
9.700136e+03
9.230392e+03
7.171600e+03
8.430344e+03
9.542832e+03
1.048330e+04
1.075510e+04
9.442952e+03
8.674776e+03
9.763216e+03
9.985472e+03
1.007681e+04
1.068527e+04
1.023218e+04
9.723600e+03
1.007096e+04
1.028969e+04
9.829896e+03
1.003081e+04
1.069334e+04
1.055779e+04
1.065309e+04
1.150314e+04
1.120496e+04
1.048397e+04
1.024437e+04
1.138766e+04
1.069019e+04
1.008529e+04
8.632848e+03
8.569624e+03
8.712888e+03
9.102448e+03
8.766200e+03
8.928832e+03
9.060984e+03
1.065933e+04
1.075946e+04
1.022973e+04
1.092551e+04
1.065071e+04
9.963904e+03
1.027071e+04
8.946384e+03
9.283256e+03
9.259960e+03
9.675456e+03
1.008771e+04
1.157234e+04
1.003850e+04
9.259272e+03
8.422456e+03
8.553480e+03
9.067744e+03
9.515104e+03
8.432592e+03
8.327144e+03
8.126624e+03
8.024672e+03
8.273488e+03
8.308088e+03
7658
7.329592e+03
5.811336e+03
5.752064e+03
5.333352e+03
4.818744e+03
4.431248e+03
4.827416e+03
5.464232e+03
5.445352e+03
6.409160e+03
7.737072e+03
8.287864e+03
7.497672e+03
8.072304e+03
8.326632e+03
8.468088e+03
8.840080e+03
7.529528e+03
7.817936e+03
8.402760e+03
8.541648e+03
8.322336e+03
7.821648e+03
8.300112e+03
8.006712e+03
8.833896e+03
9.520944e+03
8.267512e+03
8.663880e+03
8.489120e+03
7.459400e+03
7.595864e+03
7.502496e+03
7.773768e+03
8.234696e+03
8.400424e+03
8.714312e+03
8.819992e+03
8.789600e+03
7.882072e+03
7.740024e+03
8.274192e+03
8.491120e+03
8.647960e+03
8.588592e+03
6.061704e+03
5.996384e+03
5.854264e+03
5.913272e+03
6.076024e+03
6.154840e+03
4.918056e+03
4.803480e+03
4.835672e+03
5.199648e+03
4.984752e+03
5.137576e+03
4.967888e+03
5.263376e+03
8.542064e+03
9.446416e+03
9.824888e+03
9.564744e+03
8.831720e+03
7.724136e+03
6.438384e+03
5.780192e+03
4.578584e+03
5.470048e+03
9.009520e+03
7.824872e+03
9.322928e+03
1.017882e+04
8.043648e+03
8.093632e+03
8.128368e+03
7.689656e+03
7.125392e+03
8.045336e+03
9.236496e+03
1.088359e+04
1.059857e+04
8.912824e+03
7.694696e+03
1.232086e+04
9.000672e+03
8.917904e+03
8.013400e+03
7.146616e+03
6.969448e+03
7.022680e+03
7.221544e+03
6.996472e+03
6.900064e+03
7.246152e+03
6.754944e+03
7.196552e+03
6.377112e+03
8.246240e+03
7.688424e+03
7.479800e+03
7.713216e+03
7.975456e+03
8.773496e+03
8.770160e+03
8.456576e+03
8.344104e+03
8.604824e+03
8.673696e+03
9.020376e+03
9.058568e+03
9.356968e+03
8.337168e+03
8.731824e+03
9.537424e+03
9.713176e+03
8.704064e+03
1.016550e+04
9.168600e+03
9.206920e+03
9.938432e+03
9.853440e+03
7.336856e+03
5.794080e+03
4.185704e+03
4.893224e+03
6.408520e+03
8.162296e+03
7.699752e+03
7.829032e+03
7.216240e+03
5.932192e+03
4.483752e+03
5.424760e+03
7.061320e+03
6.701888e+03
5.159472e+03
7.494056e+03
8.020336e+03
6.263520e+03
5.941104e+03
6.944392e+03
5.937792e+03
6.209264e+03
6.003432e+03
5.287928e+03
6.123888e+03
5.474448e+03
4.147504e+03
6.252776e+03
6.108088e+03
4.091064e+03
5.110656e+03
7.981912e+03
7.153424e+03
6.804856e+03
7.036008e+03
5.918640e+03
6.980352e+03
7.078808e+03
7.474736e+03
7.037280e+03
6.981264e+03
7.023936e+03
6.906768e+03
7.564296e+03
8.608152e+03
8.433320e+03
7.511768e+03
7.210688e+03
7.109776e+03
7.577224e+03
6.915352e+03
9.157480e+03
9.871296e+03
7.609864e+03
7.317824e+03
5.603752e+03
5.853048e+03
5.977784e+03
5.724200e+03
5.752408e+03
6.728512e+03
7.010328e+03
8.706688e+03
7.478640e+03
7.315608e+03
7.270720e+03
7.625544e+03
7.453088e+03
7.993848e+03
7.738264e+03
8.409304e+03
7.521288e+03
5.795912e+03
6.673752e+03
7.375816e+03
7.286224e+03
7.393056e+03
7.715104e+03
7.644904e+03
8.856360e+03
7.896312e+03
5.796920e+03
8.343632e+03
6.848584e+03
7.070616e+03
6.389696e+03
6.252264e+03
6.748792e+03
6.752208e+03
6.233512e+03
6.100264e+03
5.981088e+03
6.681736e+03
7.638144e+03
7.252456e+03
7.652392e+03
7.798200e+03
5.563656e+03
6.226336e+03
2.742048e+03
3.165448e+03
6.485192e+03
7.012672e+03
6.576792e+03
5.977232e+03
5.660640e+03
5.634064e+03
3.502192e+03
4.130664e+03
3.257832e+03
4208
3.592104e+03
4.123040e+03
5.961280e+03
5.319336e+03
6.459096e+03
5.996632e+03
5.603640e+03
3.932680e+03
3.790504e+03
5.055824e+03
5.335112e+03
5.171712e+03
4.863496e+03
5.171608e+03
6.083600e+03
5.610872e+03
4.353280e+03
5.714128e+03
5.631240e+03
5.254248e+03
6.183952e+03
6.214624e+03
5.142264e+03
4.470512e+03
5.304560e+03
5.542672e+03
4.067920e+03
5.033768e+03
4.922984e+03
4.761480e+03
5.256184e+03
5.703712e+03
5.484088e+03
3.753480e+03
6.412640e+03
5.108832e+03
4.428928e+03
4.579408e+03
3.806904e+03
6.660856e+03
6.562544e+03
7.046592e+03
6.969080e+03
5.512912e+03
5.092024e+03
3.680064e+03
5.375168e+03
6.045416e+03
4.682952e+03
4.342368e+03
5.700368e+03
5.438536e+03
5.448536e+03
5.403584e+03
5.118504e+03
4.645272e+03
4.543480e+03
4.684864e+03
4.380440e+03
4.155240e+03
5.012336e+03
5.735488e+03
4.420328e+03
3.676416e+03
3.931336e+03
4.069400e+03
5.127464e+03
3.940352e+03
3.374136e+03
2.487584e+03
3.229632e+03
3.327136e+03
3.122672e+03
2.341952e+03
2.817048e+03
3.751384e+03
4.078536e+03
