1.376480e+02
1.331600e+02
1.388480e+02
1.136800e+02
1.016008e+03
1.934248e+03
1.684376e+03
9.560000e+01
4.016800e+02
4.637280e+02
5.486240e+02
5.404560e+02
5.782880e+02
5.928240e+02
5.509360e+02
5.857440e+02
1.941280e+02
2.348560e+02
2.130640e+02
2.176480e+02
2.473680e+02
3.376960e+02
5.265520e+02
5.168720e+02
5.449760e+02
5.221840e+02
5.233280e+02
5.066880e+02
5.127200e+02
4.735600e+02
5.129360e+02
5.110720e+02
4.995200e+02
4.992480e+02
5.257920e+02
4.959120e+02
4.929280e+02
2.945640e+03
3.118888e+03
2.586040e+03
4.306648e+03
4.493576e+03
3.587880e+03
1.372352e+03
1.408752e+03
1.774376e+03
1.707952e+03
1.694224e+03
1.796760e+03
1.727568e+03
1.675848e+03
1.853496e+03
2.832120e+03
2.888576e+03
2.305872e+03
2.670480e+03
3.371744e+03
3.295872e+03
4.864568e+03
3.080728e+03
2.820944e+03
2.650120e+03
2.585576e+03
2.075136e+03
2.905976e+03
4.877216e+03
3.674432e+03
2.457600e+03
4.321656e+03
4.647952e+03
5.044744e+03
4.747536e+03
4.662424e+03
4.810520e+03
5.115048e+03
4.657968e+03
4.804512e+03
2.586240e+03
3.506336e+03
3.828336e+03
3.471840e+03
1.640416e+03
2.546288e+03
4.166424e+03
3.910912e+03
2.558872e+03
1.872288e+03
1.921408e+03
2.365048e+03
1.950824e+03
2.221728e+03
2.119952e+03
2.138336e+03
4.184088e+03
4.952912e+03
4.809576e+03
4.674248e+03
4.518928e+03
4.541504e+03
4.843232e+03
4.110576e+03
3.894368e+03
3.722656e+03
4.283440e+03
5.752832e+03
2.676200e+03
1.070632e+03
4.148000e+01
5.036000e+01
5.067200e+01
5.668000e+01
6.153600e+01
8.956800e+01
1.333520e+02
3.708480e+02
6.247760e+02
1.564480e+02
1.654320e+02
1.788080e+02
1.715360e+02
1.748720e+02
1.815600e+02
1.817680e+02
1.887760e+02
1.910800e+02
2.005280e+02
2.077040e+02
2.106160e+02
2.143600e+02
2.211840e+02
2.238240e+02
2.276640e+02
2.338640e+02
2.368000e+02
2.455680e+02
2.507440e+02
2.481920e+02
2.494320e+02
2.558400e+02
2.532480e+02
1.327288e+03
2.411808e+03
2.636232e+03
3.528656e+03
4.460128e+03
4.510376e+03
5.271176e+03
5.710416e+03
5.516424e+03
4.305904e+03
3.518944e+03
4.810784e+03
6.567568e+03
6.747808e+03
5.736416e+03
6.268056e+03
3.169920e+03
3.908512e+03
4.902256e+03
5.117928e+03
4.272368e+03
5.255832e+03
5.339368e+03
5.125656e+03
5.668504e+03
5.054184e+03
4.849736e+03
3.047192e+03
2.274512e+03
2.218872e+03
2.212704e+03
1.929736e+03
1.681576e+03
2.814552e+03
4.567936e+03
4.672568e+03
4.921136e+03
5.642024e+03
6.331048e+03
6.428728e+03
6.936272e+03
4.952824e+03
3.951536e+03
7.623440e+03
8.340552e+03
8.590104e+03
8.307592e+03
8.410096e+03
8.536496e+03
7.681040e+03
7.352048e+03
7.138656e+03
6.517048e+03
4.402456e+03
5.594672e+03
6.085952e+03
6.220704e+03
4.237008e+03
3.745856e+03
2.861960e+03
2.854456e+03
2.401168e+03
2.674912e+03
3.108456e+03
2.897632e+03
2.791392e+03
2.139088e+03
2.129168e+03
2.097752e+03
2.261256e+03
3.035480e+03
2.931312e+03
3.540928e+03
5.675528e+03
6.055688e+03
5.823760e+03
4.296544e+03
3.890928e+03
3.713872e+03
3.559888e+03
3.857160e+03
4.075928e+03
4.315440e+03
4.728616e+03
5.024104e+03
5.483952e+03
5.360600e+03
5.245856e+03
5.449712e+03
5.597672e+03
5.408608e+03
5.495216e+03
4.018528e+03
4.153528e+03
3.468032e+03
1.430872e+03
1.939248e+03
2.067104e+03
4.006960e+03
3.344608e+03
2.682720e+03
3.561200e+03
4.733264e+03
3.174816e+03
3.366520e+03
3.409976e+03
2.504024e+03
2.419376e+03
2.765344e+03
3.686368e+03
3.771440e+03
2.974328e+03
3.925312e+03
2.753656e+03
4.346360e+03
4.425376e+03
4.937208e+03
3.493152e+03
3.090296e+03
2.998712e+03
3.613080e+03
2.847912e+03
3.822872e+03
3.370376e+03
3.291568e+03
3.147960e+03
2.861472e+03
2.778136e+03
1.698792e+03
1.345768e+03
1.325120e+03
1.367256e+03
1.396768e+03
1.411176e+03
1.381944e+03
1.406976e+03
1.407768e+03
2.204448e+03
1.859648e+03
2.650672e+03
2.746112e+03
2.542008e+03
2.426424e+03
2.474624e+03
2.455368e+03
2.599296e+03
2.066976e+03
1.471688e+03
1.218728e+03
8.990560e+02
1.402576e+03
1.230592e+03
4.929088e+03
5.166408e+03
5165
5.264976e+03
4.233976e+03
3.247208e+03
3.353304e+03
4.480360e+03
4.799576e+03
4.325456e+03
4.528488e+03
5.355040e+03
5.437192e+03
5.046920e+03
5.289952e+03
2.716584e+03
4.068280e+03
7.015360e+03
6.922808e+03
6.740720e+03
6.624368e+03
8.214088e+03
8.097648e+03
8.299304e+03
8.894152e+03
9.320960e+03
9.375904e+03
1.001666e+04
1.053515e+04
1.064813e+04
1.098994e+04
1.088854e+04
7.928688e+03
3.209696e+03
3.396952e+03
4.481592e+03
3.167800e+03
4.188040e+03
2.809488e+03
1.641584e+03
2.071824e+03
2.811144e+03
2.991920e+03
1.093672e+04
1.000302e+04
8.997648e+03
4.273248e+03
2.675760e+03
3.410288e+03
4.700664e+03
5.292720e+03
5.283600e+03
5.035016e+03
5.068960e+03
3.957096e+03
2.207504e+03
2.644328e+03
2.962936e+03
4.209568e+03
4.276568e+03
3.669472e+03
3.256752e+03
3.733456e+03
4.480416e+03
5.073248e+03
5.584592e+03
5.444048e+03
4.852344e+03
4.344264e+03
2.703208e+03
2.793792e+03
2.828536e+03
2.809472e+03
2.930832e+03
2.930760e+03
2.869920e+03
2.896592e+03
2.847224e+03
4.266344e+03
6.661640e+03
6.669112e+03
7.706048e+03
7.822592e+03
7.683768e+03
7.445088e+03
7.292928e+03
7.285296e+03
6.479976e+03
6.570472e+03
6.559368e+03
7.567016e+03
5.807032e+03
4.994480e+03
4.238336e+03
4.185008e+03
3.903816e+03
3.953968e+03
4.944672e+03
4.857696e+03
5.558096e+03
4.259160e+03
3.454032e+03
3.018784e+03
5.086048e+03
6.019264e+03
5.798136e+03
4.201288e+03
3.471104e+03
3.455288e+03
6.028392e+03
6.589520e+03
6.613512e+03
5.525160e+03
6.295704e+03
6.281160e+03
6.827352e+03
6.704792e+03
6.301912e+03
6.672440e+03
6.865304e+03
6.632352e+03
6.560328e+03
6.444336e+03
6.169232e+03
6.184672e+03
6.363456e+03
5.113264e+03
3.566080e+03
2.989344e+03
2.297088e+03
2.428864e+03
6.975976e+03
7.650696e+03
7.264704e+03
6.506752e+03
6.865088e+03
8.079976e+03
8.757544e+03
8.937008e+03
9.055736e+03
9.402928e+03
8.089536e+03
7282
6.433064e+03
6.130216e+03
6.259360e+03
5.811824e+03
5.814728e+03
5.870264e+03
5.708480e+03
5.657504e+03
5.652880e+03
5.357032e+03
5.398904e+03
5.214704e+03
5.269520e+03
5.947848e+03
5167
5.556640e+03
5.615992e+03
4.441944e+03
2.906872e+03
3.163848e+03
3.599992e+03
3.520552e+03
3.832736e+03
5.199472e+03
6.180560e+03
6.289776e+03
6.245696e+03
6.202072e+03
5.878632e+03
6.574144e+03
4.501624e+03
6.038576e+03
5.806464e+03
6.478248e+03
7.224592e+03
5.855224e+03
5.707088e+03
5.642864e+03
6.959384e+03
6.767512e+03
3.540704e+03
4.224712e+03
6.159800e+03
6.012152e+03
5.235584e+03
5.283640e+03
5.922200e+03
4.433880e+03
2.413816e+03
4.090792e+03
4.201640e+03
3.873592e+03
2.620248e+03
2.879936e+03
2.759760e+03
2.774360e+03
4.848520e+03
6.599400e+03
6.144232e+03
4.384232e+03
5.671712e+03
5.877336e+03
5.609008e+03
5.651984e+03
5.478112e+03
5.830592e+03
5.623800e+03
5.552400e+03
5.896304e+03
6.194016e+03
6.119440e+03
4.679312e+03
3.813024e+03
2.315120e+03
5.585048e+03
7.865768e+03
5.002016e+03
7.530608e+03
6.791144e+03
4421
4.519600e+03
6.738376e+03
6.868912e+03
7.190040e+03
7.448968e+03
7.421304e+03
3.387216e+03
3.516056e+03
3.480160e+03
3.515376e+03
3.398664e+03
3.522280e+03
6.748720e+03
7.629512e+03
6.002040e+03
5.202048e+03
6.754840e+03
6.891448e+03
7.263536e+03
7.432624e+03
7.466072e+03
4.072888e+03
3.827664e+03
4.125072e+03
3.985616e+03
4.295416e+03
9.069616e+03
1.091234e+04
1.071681e+04
1.031101e+04
9.684056e+03
1.008308e+04
1.060874e+04
6.350040e+03
4.974144e+03
3.684896e+03
2.686600e+03
4.773528e+03
7.373688e+03
7.288648e+03
7.239912e+03
6.979648e+03
7.121768e+03
6.715752e+03
7.000848e+03
6.702920e+03
1.079712e+03
5.047032e+03
7.606200e+03
5.341968e+03
4.419248e+03
6.164024e+03
6.358312e+03
6.652160e+03
6.522992e+03
7.013768e+03
7.723096e+03
7.901096e+03
8.091744e+03
5.165096e+03
4.555904e+03
4.462144e+03
4.445192e+03
4.562744e+03
4.696008e+03
4.401816e+03
3.265248e+03
2.558744e+03
2.551312e+03
2.661352e+03
2.345040e+03
2.780208e+03
2.028592e+03
2.480624e+03
2.976960e+03
2.790328e+03
1.650344e+03
3.123848e+03
3.107032e+03
2.153048e+03
1.793928e+03
2.519960e+03
3.559032e+03
3.601224e+03
3.306984e+03
2.404824e+03
2.459928e+03
2.290456e+03
2.330960e+03
2.298640e+03
4.255160e+03
6.590376e+03
6.229504e+03
4.967368e+03
4.920312e+03
4.981024e+03
5.433528e+03
6.204176e+03
3.492016e+03
2.216376e+03
2.364224e+03
2.027848e+03
2.096304e+03
2.271528e+03
3.339904e+03
9.636752e+03
9.767832e+03
7.943680e+03
4.164808e+03
4.071992e+03
4.030392e+03
4.651928e+03
3.473800e+03
2.565064e+03
4.623568e+03
4.257648e+03
4.598656e+03
7.446248e+03
9.112432e+03
7.322832e+03
3.941952e+03
5.204128e+03
3.249016e+03
4.796016e+03
1.845672e+03
3.248696e+03
2.537544e+03
3.295680e+03
3.982312e+03
3.858528e+03
3.622536e+03
3.587744e+03
2.669128e+03
3.013648e+03
3.290272e+03
4.699416e+03
4.441784e+03
3.354256e+03
3.246368e+03
1.757848e+03
1.675840e+03
3.042360e+03
2.615232e+03
2.538808e+03
4.462808e+03
1.012849e+04
8.315312e+03
7.099896e+03
7.758904e+03
7.466472e+03
3.667424e+03
3.569368e+03
4.357520e+03
4.277232e+03
4.580872e+03
4.867384e+03
4.738008e+03
4.745608e+03
4.741928e+03
4.588832e+03
4.973104e+03
4.901808e+03
4.412296e+03
4.895560e+03
4.583536e+03
3.599896e+03
2.438928e+03
1.689840e+03
1.819128e+03
1.944864e+03
2.416016e+03
1.967080e+03
2.117120e+03
2.006848e+03
2.304944e+03
3.735488e+03
2.880344e+03
1.767312e+03
1.670072e+03
1.998752e+03
2.717768e+03
2.245336e+03
2.597952e+03
3.747720e+03
4.353872e+03
3.107160e+03
2.671648e+03
2.495744e+03
2.177568e+03
2.634312e+03
3.258280e+03
2.522032e+03
2.155592e+03
2.416336e+03
2.895200e+03
2.387104e+03
7.732832e+03
8.076408e+03
6.884968e+03
4.845160e+03
7.909640e+03
6.546768e+03
4.255744e+03
4.883056e+03
6.256744e+03
6.232864e+03
5093
3.386528e+03
4.146152e+03
5.027368e+03
2.797936e+03
4.187800e+03
6.613952e+03
7.255984e+03
6.540272e+03
4.931096e+03
3.233072e+03
1.935576e+03
1.498744e+03
1.209080e+03
1.221192e+03
1.135688e+03
1.591952e+03
4.979752e+03
2.264688e+03
2.206752e+03
2.369960e+03
2.143936e+03
2.015696e+03
2.209080e+03
1.610440e+03
1.580144e+03
1.518592e+03
1.301304e+03
7.029424e+03
7.405208e+03
6.236888e+03
4.542560e+03
5.424952e+03
4.856136e+03
4.264168e+03
4.084624e+03
4.328592e+03
4.468184e+03
3.971432e+03
3.166888e+03
2.567608e+03
2.971024e+03
3.071600e+03
2.234888e+03
1.929632e+03
2.885336e+03
2.524576e+03
2.028192e+03
1.961288e+03
2.295704e+03
2.310464e+03
2.418216e+03
2.452912e+03
2.540384e+03
2.835464e+03
2.931184e+03
3.033960e+03
3.284024e+03
3.279464e+03
3.310016e+03
2.710296e+03
3.287752e+03
3.010864e+03
2.967696e+03
3.046368e+03
3.231120e+03
1.914256e+03
1.918248e+03
1.960232e+03
2.490248e+03
2.675776e+03
2.626128e+03
2.656616e+03
2.911312e+03
3.311280e+03
3.061360e+03
3.222968e+03
2.790864e+03
2.621408e+03
2.540104e+03
2.878048e+03
2.111848e+03
2.065928e+03
2.080536e+03
1.611448e+03
1.178216e+03
1.422304e+03
1.505840e+03
1.559208e+03
1.698160e+03
1.247616e+03
1.418520e+03
2684
2.516376e+03
2.372912e+03
2.677808e+03
2.250312e+03
1.504400e+03
1.416016e+03
1.368264e+03
1.535176e+03
1.475064e+03
1.456112e+03
1.792528e+03
1.741312e+03
2.220576e+03
2.146336e+03
2.175144e+03
2.114688e+03
2.077520e+03
2.256112e+03
2.544824e+03
2.132200e+03
5.549648e+03
7.196160e+03
4.695456e+03
4.461696e+03
4.406712e+03
3.786152e+03
3.536744e+03
3.513784e+03
3.424832e+03
3.647072e+03
3.886184e+03
3.796968e+03
3.403224e+03
3.482376e+03
3.575600e+03
3.644760e+03
3.704776e+03
4.339752e+03
4.692088e+03
4144
4.038816e+03
3.865776e+03
3.425344e+03
3.420360e+03
3066
3.038328e+03
3.024888e+03
2.919424e+03
3.001232e+03
3.128592e+03
2.974248e+03
2.807400e+03
2.672816e+03
2.584384e+03
2.437264e+03
2.709288e+03
2.705472e+03
2.780320e+03
2.793688e+03
2.632696e+03
2.303768e+03
2.519544e+03
2.901168e+03
3.291696e+03
3.731112e+03
3.519488e+03
2.653480e+03
2.481168e+03
2.311672e+03
1.661216e+03
1.575344e+03
3.848128e+03
4.605224e+03
3.896040e+03
3.366952e+03
2.718560e+03
2.459528e+03
2.406016e+03
2.331272e+03
2.278408e+03
3.265752e+03
3.328872e+03
3.286800e+03
2.933680e+03
3.082640e+03
3.743128e+03
4.008016e+03
4.842104e+03
4.800872e+03
4.730736e+03
4.354368e+03
5.259936e+03
3.432016e+03
3.197336e+03
4.408304e+03
4.471800e+03
4.693264e+03
4.436096e+03
4.745568e+03
3.784848e+03
3.894848e+03
3.577480e+03
3.354216e+03
3.420872e+03
2.986864e+03
2.580360e+03
2.719320e+03
2.661088e+03
2.640664e+03
2.493144e+03
2.698016e+03
2.427400e+03
2.504080e+03
8.807920e+02
1.088640e+03
1.268120e+03
1.426424e+03
6.931040e+02
7.295440e+02
8.117760e+02
1.141144e+03
1.521440e+03
1.952712e+03
1.428032e+03
1.247048e+03
1.381568e+03
1.035824e+03
2.709760e+02
2.360160e+02
3.240960e+02
5.537520e+02
5.082880e+02
4.626480e+02
4.835280e+02
5.945920e+02
1.702432e+03
1.402312e+03
2.816648e+03
2.416216e+03
2.984808e+03
3.433608e+03
3.037720e+03
2.844176e+03
2.939608e+03
2.302264e+03
2.301520e+03
2.371776e+03
2.120976e+03
2.750784e+03
2.680648e+03
2.187240e+03
1.670672e+03
3.472656e+03
3.602288e+03
3.588584e+03
3.265672e+03
3.611960e+03
2.622984e+03
2.390952e+03
2.082560e+03
2.927376e+03
2.683896e+03
3.389056e+03
3.723544e+03
3.542880e+03
3.120232e+03
2.939400e+03
3.148288e+03
2.908992e+03
3.127224e+03
2.671360e+03
2.514552e+03
2.884512e+03
3.036848e+03
3.100680e+03
3.978968e+03
4.397784e+03
3.820048e+03
4.326464e+03
4.858024e+03
3.234576e+03
3.136376e+03
3.212024e+03
3.137256e+03
2.751600e+03
2.440480e+03
2.408392e+03
3.244072e+03
3.270296e+03
2.622248e+03
2.250768e+03
2.600888e+03
1.992672e+03
1.796728e+03
1.388456e+03
1.968768e+03
3.268424e+03
3.407720e+03
3.088688e+03
3223
3.231048e+03
2.991960e+03
3.080272e+03
3.050192e+03
3.446016e+03
3.727600e+03
4.051208e+03
3.317632e+03
2.430520e+03
1.999072e+03
1.935488e+03
2.173048e+03
3.530544e+03
2.940872e+03
2.915064e+03
2.827224e+03
2.802904e+03
2.257536e+03
2.506336e+03
3.825864e+03
2.984608e+03
2.177864e+03
5.207728e+03
5.400912e+03
5.423488e+03
5.320696e+03
5.403672e+03
5.358392e+03
3433
4.122824e+03
4.806920e+03
2.896672e+03
2.466352e+03
3.055400e+03
2.443864e+03
2.276304e+03
2.138952e+03
2.091440e+03
2.041480e+03
2.017736e+03
3.526448e+03
3.667856e+03
3.493688e+03
3.420984e+03
3.872640e+03
3.568344e+03
2.987608e+03
2.646456e+03
2.297856e+03
2.361088e+03
3.005424e+03
3.112168e+03
3.138256e+03
3.058128e+03
2.976400e+03
3.206408e+03
3.167032e+03
3.404288e+03
3.277816e+03
3.519368e+03
5.186336e+03
4.981032e+03
3.421968e+03
3.365224e+03
3.080848e+03
2.842576e+03
3.360416e+03
3.027736e+03
3.067600e+03
3.637792e+03
2.852312e+03
2.960280e+03
2.557640e+03
2.639944e+03
3.056136e+03
3.248472e+03
3.205720e+03
2.709800e+03
2.886744e+03
2.517256e+03
2.340240e+03
4.001064e+03
4.730760e+03
4.383800e+03
4.683864e+03
4.831432e+03
4.021992e+03
3.348496e+03
3.616760e+03
2.783112e+03
4.766936e+03
3.662808e+03
4.163896e+03
4.659304e+03
4.025552e+03
3.752096e+03
3.663560e+03
5.543256e+03
5.454008e+03
5.008104e+03
5.086112e+03
5.215968e+03
5.098640e+03
5.146488e+03
4.999488e+03
4.866488e+03
4.260360e+03
2.561880e+03
2.040264e+03
2.005176e+03
1.992600e+03
2.918056e+03
4.983360e+03
4.983432e+03
6.678032e+03
6.658992e+03
6.447296e+03
2.855088e+03
3.225952e+03
4.365008e+03
4.633912e+03
3.889248e+03
3.300008e+03
4.150408e+03
4252
3.097072e+03
4.767152e+03
5.425752e+03
5.961272e+03
3.788952e+03
2.227920e+03
2.392024e+03
2.101688e+03
2.750856e+03
3.767144e+03
3.545088e+03
3.829456e+03
3.749568e+03
3.287360e+03
3.245024e+03
1.935616e+03
1.848648e+03
2.527880e+03
3.378992e+03
4.652208e+03
4.327736e+03
4.046176e+03
3.641616e+03
2.142304e+03
1.679280e+03
2.930424e+03
3.744256e+03
4.073016e+03
3.523496e+03
3.911288e+03
3.673568e+03
3.614208e+03
2.672992e+03
2.479136e+03
2.317552e+03
2.065080e+03
2.093352e+03
1.333136e+03
1.133352e+03
2.075264e+03
2.731072e+03
2.566240e+03
2.615736e+03
2.601136e+03
2.499728e+03
1.602184e+03
2.788992e+03
2.909656e+03
2.836632e+03
2.876560e+03
1.756968e+03
1.419952e+03
2.584264e+03
3.054592e+03
3.486160e+03
5.015096e+03
3.629072e+03
1.285736e+03
1.999792e+03
2.535992e+03
2.298848e+03
2.223280e+03
2.305800e+03
2.098992e+03
1.858968e+03
1.770168e+03
1.515536e+03
1.413648e+03
1.435840e+03
1.385992e+03
1.708072e+03
1.820848e+03
2.144152e+03
2.280960e+03
2.030136e+03
2.530912e+03
3.000256e+03
3.628976e+03
3.642824e+03
3.086120e+03
2.403736e+03
1.932416e+03
2.065488e+03
1.770216e+03
1.478672e+03
1.259264e+03
1.123288e+03
1.261376e+03
1.137264e+03
1.267920e+03
1.483872e+03
2.734720e+03
3.268920e+03
2.923088e+03
4.761656e+03
5.506216e+03
5.392960e+03
2.662216e+03
4.882248e+03
5.041576e+03
4673
4.050832e+03
2.968056e+03
1.839472e+03
2.588424e+03
2.604264e+03
1.820088e+03
1.746432e+03
1.744296e+03
1.942600e+03
3.593208e+03
3.373064e+03
2.309696e+03
4.374728e+03
3.840736e+03
3.357424e+03
3.117704e+03
3.502584e+03
3.713008e+03
3.396856e+03
2.941824e+03
2.682584e+03
2.438960e+03
2.380104e+03
2.320744e+03
2.549264e+03
2.638456e+03
2.540712e+03
2.193024e+03
2.641760e+03
2.612112e+03
2.499552e+03
2.231608e+03
2.266464e+03
2.051176e+03
1.733448e+03
1.839176e+03
1.757816e+03
2.236112e+03
1.972472e+03
2.116904e+03
2.552928e+03
4.411160e+03
6.414784e+03
5.175296e+03
2.882296e+03
2.329064e+03
2.299368e+03
2.333584e+03
2.447328e+03
2.231872e+03
1.072608e+03
1.104808e+03
2.095728e+03
2.798784e+03
3.251168e+03
3.188128e+03
4.720776e+03
5.011944e+03
4.874616e+03
4.883728e+03
4.583464e+03
4.169024e+03
5.746784e+03
5.072592e+03
5.215072e+03
4.682672e+03
4.836712e+03
4.224448e+03
3.516608e+03
3.708728e+03
3.993736e+03
3.985672e+03
3.851520e+03
4.628848e+03
4.668776e+03
4.503360e+03
4.147016e+03
3.924704e+03
3.933760e+03
4.093584e+03
5.456112e+03
4.666544e+03
4.117688e+03
4.348600e+03
4.299848e+03
4.507064e+03
4.785216e+03
4.903272e+03
4.822568e+03
5.007816e+03
5.138920e+03
4.680272e+03
4.886368e+03
5.187792e+03
5.349688e+03
5.004880e+03
4.343224e+03
4.457120e+03
3.847768e+03
3.334440e+03
2.565688e+03
2.861504e+03
2.853944e+03
2.574168e+03
3.804880e+03
4.278016e+03
4.363280e+03
4.691920e+03
4.417952e+03
3.918936e+03
3.637992e+03
3.614064e+03
3470
3.389248e+03
4.553352e+03
7.186752e+03
8.229848e+03
7.376024e+03
6.010024e+03
5.253104e+03
4.788472e+03
1.749192e+03
3.920704e+03
8.472432e+03
9.708896e+03
8.988672e+03
3.714184e+03
4.668160e+03
4.411600e+03
4.729040e+03
4.519368e+03
4.159568e+03
4.006976e+03
4.044216e+03
4.952680e+03
5.512720e+03
5.560568e+03
4.887008e+03
4.021128e+03
3.694336e+03
3.144048e+03
2.571056e+03
2.798624e+03
3.044560e+03
3.670960e+03
4.214536e+03
4.124936e+03
2.968048e+03
2.853632e+03
4021
5.870872e+03
5.272136e+03
5.600040e+03
4.862384e+03
3.676968e+03
4.345192e+03
5.663224e+03
5.575840e+03
6.348616e+03
6.010952e+03
5.479904e+03
4.289456e+03
4.167544e+03
4.112672e+03
3.432560e+03
3.486600e+03
3.936248e+03
5.208584e+03
4.725288e+03
5.587304e+03
6.103328e+03
6.642632e+03
6.741176e+03
5.599192e+03
5.835992e+03
5.164568e+03
4.307064e+03
3.953872e+03
3.770872e+03
4.912496e+03
4.751216e+03
4.565720e+03
3.761632e+03
3.713976e+03
3.885016e+03
3.431368e+03
1.909384e+03
2.541984e+03
4.058640e+03
3.691376e+03
2.759088e+03
2.459208e+03
2.673016e+03
4.728744e+03
5.566280e+03
4.182592e+03
3.887840e+03
3.630456e+03
3.691600e+03
3.672584e+03
3.510680e+03
3.913320e+03
4.366568e+03
4.358208e+03
3.536936e+03
3.871264e+03
4.134792e+03
3.867728e+03
3.908120e+03
3.853792e+03
4.262864e+03
4.487792e+03
4.602120e+03
4.712592e+03
4.073832e+03
2.867384e+03
3.058584e+03
4.038184e+03
3.472856e+03
4.305624e+03
3.851912e+03
3.915960e+03
4.300112e+03
4.106280e+03
3.581888e+03
3.225336e+03
3.297512e+03
3.376824e+03
3.286944e+03
3.715288e+03
3.657872e+03
4.262584e+03
2.441680e+03
2.868624e+03
4.518304e+03
1.042888e+03
2.350504e+03
4.536808e+03
3.627944e+03
3.763944e+03
4.211048e+03
3.704232e+03
4.672336e+03
4.526640e+03
4.175712e+03
4.614760e+03
4.703760e+03
3.027264e+03
3.170320e+03
2.783728e+03
2.770904e+03
2.939904e+03
3.481088e+03
5.694992e+03
4.363664e+03
4.012928e+03
3.520320e+03
3.267416e+03
3.178736e+03
3.154624e+03
3.735824e+03
3.750408e+03
4.359472e+03
4.799208e+03
5.063152e+03
5.215864e+03
4.665632e+03
4.300912e+03
4.048576e+03
4.022888e+03
3.547096e+03
3.376592e+03
3.765984e+03
3.559120e+03
4.036096e+03
4.018104e+03
4.431072e+03
4.736408e+03
4.197776e+03
3.982176e+03
4.364840e+03
4.854312e+03
4.431712e+03
3.585248e+03
3.159424e+03
3.711632e+03
3.540096e+03
3.921672e+03
2.825856e+03
2.504224e+03
2.537632e+03
2.778640e+03
3.899360e+03
4.856704e+03
3.716800e+03
3.343784e+03
3.064768e+03
3.223192e+03
3.432976e+03
3.642720e+03
4.253216e+03
4.286800e+03
3.557840e+03
3.065696e+03
2.861920e+03
3.222240e+03
3.879632e+03
4.115208e+03
2.144928e+03
2.427400e+03
3.420168e+03
3.193968e+03
3.186192e+03
3.633888e+03
3.664752e+03
4.393688e+03
4.418520e+03
4.547832e+03
4.166512e+03
4.742040e+03
4.373520e+03
3.925952e+03
4.057008e+03
3.658536e+03
3.378792e+03
2.532664e+03
2.861088e+03
3.059024e+03
2.109560e+03
4.680448e+03
4.994184e+03
4.009400e+03
6.968280e+03
4.484808e+03
3.366088e+03
2.374520e+03
2.975088e+03
4.656200e+03
3.631928e+03
2.508616e+03
2.991672e+03
5.149944e+03
6.534136e+03
1.767392e+03
1.982880e+03
1.779184e+03
2.038352e+03
2.336640e+03
2.588192e+03
3.002720e+03
4.625184e+03
4.563512e+03
2.491800e+03
2.555360e+03
2.239680e+03
2.635120e+03
3.820432e+03
6.172688e+03
1.530040e+03
2.881408e+03
3.644800e+03
4.105560e+03
3.855480e+03
3.544024e+03
3.304944e+03
3.283800e+03
2.700176e+03
3.401192e+03
3.305616e+03
3.575112e+03
4.445680e+03
9.110912e+03
4.208168e+03
1.965864e+03
1.979376e+03
2.486024e+03
2.482672e+03
2.171080e+03
3.216728e+03
4.257800e+03
4.411248e+03
4.070152e+03
3988
4.857608e+03
4.276456e+03
4.625208e+03
4.321376e+03
4.086848e+03
3.783232e+03
3.321776e+03
3.028320e+03
3.954200e+03
4.186272e+03
4772
4.105256e+03
3.512640e+03
3.366168e+03
3.859944e+03
4.614216e+03
4.746016e+03
5.060480e+03
4.743288e+03
4.285968e+03
2.653504e+03
3.185608e+03
3.141008e+03
3.223824e+03
3.213680e+03
3.237672e+03
3.467952e+03
3.336144e+03
2.526504e+03
1.653256e+03
1.706144e+03
2.035640e+03
1.559624e+03
1.081240e+03
1.173984e+03
1.378680e+03
1.248584e+03
1.934624e+03
1.931136e+03
2.128224e+03
1.532936e+03
1.929456e+03
2.335952e+03
2.341200e+03
1.630088e+03
1.701144e+03
2.002040e+03
1.918784e+03
2.142464e+03
2.538776e+03
2.636624e+03
2.661536e+03
2.719208e+03
2.417640e+03
2.595640e+03
2.518576e+03
2.122864e+03
2.126528e+03
2.157712e+03
1.738304e+03
1.837432e+03
1.784776e+03
1.990944e+03
2.012328e+03
1.976856e+03
1.830744e+03
1.507408e+03
2.005504e+03
1.741912e+03
1.509384e+03
1.819624e+03
1.689600e+03
2.088528e+03
1.829944e+03
2.331648e+03
1.945880e+03
1.770504e+03
1.774576e+03
1.744280e+03
1.548688e+03
1.042840e+03
2.116344e+03
2.500632e+03
2.496856e+03
3.389480e+03
4.894192e+03
4.446792e+03
3.352064e+03
4.080536e+03
4.946800e+03
5.579544e+03
5.981880e+03
5.043896e+03
4.336464e+03
4.910864e+03
5.225320e+03
5.388728e+03
5.849296e+03
5.411016e+03
4.994680e+03
5.241456e+03
5.398520e+03
5.024048e+03
5.182200e+03
5.715104e+03
5.763984e+03
5.886536e+03
6.556832e+03
6.235144e+03
5.596728e+03
5.359216e+03
6.068544e+03
5.610696e+03
5.239056e+03
4.282160e+03
4259
4.411416e+03
4.607504e+03
4.525272e+03
4.717880e+03
4.741264e+03
5.713568e+03
5.865688e+03
5.559744e+03
6.135640e+03
5.860216e+03
5.284688e+03
5.429704e+03
4.336776e+03
4.642896e+03
4.636696e+03
4.953328e+03
5.286912e+03
6.328592e+03
5.490632e+03
4.773536e+03
4.209264e+03
4.047096e+03
4.341472e+03
4.681856e+03
4.109024e+03
3.896384e+03
3.747832e+03
3.666520e+03
3.966960e+03
4.044472e+03
3.646960e+03
3.380888e+03
2.363896e+03
2.320112e+03
2.109216e+03
1.768896e+03
1.478144e+03
1.712592e+03
2.247336e+03
2.036224e+03
2.660768e+03
3.376192e+03
3.855816e+03
3.333024e+03
3.892488e+03
4.069336e+03
4185
4.316616e+03
3.194136e+03
3.296504e+03
3.731256e+03
3.846424e+03
3.640552e+03
3.304928e+03
3.713704e+03
3.492624e+03
4.082504e+03
4.524360e+03
3.677840e+03
3.962128e+03
3.851360e+03
3.126424e+03
3.203736e+03
3.238632e+03
3.461032e+03
3.768536e+03
3.909216e+03
4.094264e+03
4.207640e+03
4.180848e+03
3.570592e+03
3.522168e+03
3.874344e+03
4.100064e+03
4.194544e+03
4.055168e+03
1.772544e+03
1.777864e+03
1.728512e+03
1.799888e+03
1.860496e+03
2.025768e+03
1.443792e+03
1.390040e+03
1.392400e+03
1.515544e+03
1.487984e+03
1.479024e+03
1.399136e+03
1.618264e+03
4.018192e+03
4.579704e+03
4.750960e+03
4.607016e+03
4.273064e+03
3.790944e+03
3.129232e+03
2.838416e+03
2.215232e+03
2.545984e+03
4.040808e+03
3.302664e+03
4.418840e+03
5.183616e+03
3.631120e+03
3.741928e+03
3.481520e+03
3.106176e+03
2.469264e+03
3.314928e+03
4.393584e+03
5.968664e+03
5.713192e+03
4.446768e+03
3504
7.074504e+03
4.418352e+03
4.198512e+03
3.530520e+03
2.866632e+03
2.798072e+03
2.830824e+03
2.923128e+03
2.810664e+03
2.716720e+03
2.964488e+03
2.599432e+03
2.845408e+03
2.514024e+03
3.777520e+03
3.217408e+03
3.059856e+03
3.216920e+03
3.512464e+03
4.113136e+03
4.177416e+03
3.888200e+03
3.766832e+03
4.027832e+03
4.100232e+03
4.389864e+03
4.396328e+03
4.521200e+03
3.864280e+03
4.202792e+03
4.806208e+03
4.788528e+03
3.949152e+03
5.099640e+03
4.369032e+03
4.385088e+03
4.988784e+03
5.042280e+03
3.230776e+03
2.546272e+03
1.579648e+03
1.867584e+03
2.700624e+03
3.369120e+03
3.039568e+03
3.197752e+03
2.807664e+03
2.237704e+03
1.630904e+03
2.220264e+03
3.169224e+03
2.526168e+03
1.862384e+03
3.116584e+03
3.850368e+03
2.799088e+03
2.484880e+03
3.036080e+03
2.619192e+03
2.185728e+03
2.401856e+03
2.010248e+03
2.269144e+03
1.988376e+03
1.554616e+03
2.244144e+03
2.590256e+03
1.575952e+03
1.713872e+03
3.658640e+03
3.134088e+03
2.986256e+03
3.127544e+03
2.515688e+03
3.180096e+03
3.028168e+03
3.255216e+03
2.975864e+03
2.908096e+03
2.971280e+03
2.867392e+03
3.208736e+03
3.852408e+03
3.756944e+03
3.465864e+03
3.390816e+03
3.333152e+03
3.717976e+03
3.329672e+03
4.615040e+03
4.887488e+03
3.214648e+03
3.034704e+03
1.648432e+03
1.949896e+03
1.912192e+03
1.734192e+03
1.703072e+03
2.753496e+03
3.574616e+03
4.457184e+03
2.804504e+03
2.644600e+03
2.561352e+03
3.321568e+03
3.233040e+03
3.563840e+03
3.250584e+03
3.621912e+03
3.078592e+03
1.867216e+03
2.328024e+03
2.836824e+03
2.825872e+03
2.913744e+03
3.130224e+03
3.064416e+03
3.932744e+03
3.414608e+03
2.062184e+03
3.687792e+03
2.795200e+03
2.898352e+03
2.458952e+03
2.054248e+03
2.266480e+03
2.253648e+03
1.893632e+03
1.863672e+03
1.827664e+03
2.274576e+03
2.979064e+03
2.890776e+03
3.053200e+03
3.195008e+03
1.825192e+03
2.253664e+03
9.355360e+02
1.139408e+03
2.595056e+03
2.883920e+03
2.691160e+03
2.402384e+03
1.983760e+03
2.164232e+03
1.149608e+03
1.400112e+03
1.053824e+03
1.519960e+03
1.248968e+03
1.466064e+03
2.242584e+03
2.036304e+03
2.674416e+03
2.477680e+03
2.150864e+03
1.144896e+03
1.105936e+03
1.717680e+03
1.803264e+03
2.005152e+03
1.855560e+03
2.016768e+03
2.338816e+03
1.998952e+03
2.055904e+03
2.913584e+03
2.709752e+03
2.214816e+03
2.599824e+03
2.770888e+03
2.227608e+03
1.946176e+03
2.184240e+03
2.382712e+03
1.412920e+03
1.880584e+03
1.847328e+03
1.711224e+03
1.972016e+03
2.248888e+03
2.130720e+03
1.267664e+03
2.528416e+03
2.064160e+03
2.161904e+03
2.293448e+03
1.848328e+03
3.084160e+03
3.045992e+03
3.076928e+03
2.977696e+03
2.312312e+03
1.862048e+03
1.371176e+03
2.425272e+03
2.873744e+03
2.124280e+03
1.826040e+03
2.266720e+03
2105
2.203784e+03
2.136464e+03
1.914992e+03
1.563336e+03
1.571872e+03
1.840064e+03
1.508368e+03
1.410944e+03
1.825752e+03
2.287240e+03
1.747168e+03
1.414224e+03
1.547024e+03
1.683400e+03
1.991224e+03
1.530232e+03
1.357120e+03
9.442080e+02
1.129016e+03
1.299024e+03
1.263384e+03
8.313760e+02
1.111328e+03
1.593408e+03
1.792824e+03
