6.884000e+01
6.002400e+01
7.082400e+01
6.374400e+01
4.542240e+02
8.848080e+02
7.790800e+02
4.948800e+01
1.765040e+02
1.838240e+02
2.180800e+02
2.170080e+02
2.335040e+02
2.311840e+02
2.207440e+02
2.433600e+02
1.068000e+02
1.240160e+02
1.127840e+02
1.178640e+02
1.418320e+02
1.124880e+02
1.617520e+02
1.526080e+02
1.648640e+02
1.599120e+02
1.608880e+02
1.527200e+02
1.550800e+02
1.450320e+02
1.580880e+02
1.549440e+02
1.537280e+02
1.532960e+02
1.599040e+02
1.539360e+02
1.524640e+02
9.586560e+02
1.108352e+03
8.938400e+02
1.770712e+03
1.899656e+03
1.412872e+03
2.541280e+02
2.482640e+02
4.682640e+02
4.770960e+02
4.828240e+02
4.998400e+02
4.566560e+02
4.414720e+02
5.193040e+02
1.004048e+03
1051
7.895520e+02
9.782080e+02
1.367480e+03
1.304920e+03
2.148512e+03
1.134280e+03
9.848720e+02
8.642720e+02
8.225520e+02
7.029600e+02
8.693520e+02
1.424864e+03
1.364272e+03
8.269200e+02
1.717760e+03
1.774504e+03
2.060184e+03
1.923104e+03
1.866632e+03
1.950256e+03
2.142312e+03
1.775864e+03
1.992624e+03
8.683520e+02
1.389136e+03
1.470352e+03
1.331416e+03
5.243520e+02
9.187040e+02
1.697832e+03
1.509112e+03
7.860320e+02
2.893360e+02
3.877920e+02
3.216720e+02
3.228320e+02
3.015200e+02
2.260160e+02
2.328960e+02
1.559752e+03
2.132552e+03
2.098784e+03
2.015112e+03
1.947816e+03
1.943400e+03
2.089056e+03
1.673584e+03
1.551952e+03
1.446816e+03
1.788528e+03
2.689440e+03
9.920240e+02
3.537280e+02
2.323200e+01
2.476000e+01
2.588800e+01
2.894400e+01
3.328000e+01
4.420800e+01
7.012000e+01
1.923040e+02
2.776880e+02
6.609600e+01
6.922400e+01
7.102400e+01
7.308000e+01
7.572000e+01
7.758400e+01
7.832000e+01
8.084800e+01
8.125600e+01
8.515200e+01
8.737600e+01
8.849600e+01
9.123200e+01
9.142400e+01
9.399200e+01
9.543200e+01
9.648000e+01
9.740000e+01
1.014800e+02
1.039280e+02
1.011600e+02
1.005760e+02
1.049840e+02
1.034080e+02
3.871120e+02
6.275440e+02
7.596240e+02
1.449424e+03
1.867744e+03
1.871960e+03
2.346472e+03
2.527592e+03
2.393512e+03
1.633560e+03
1.186344e+03
2.177144e+03
3.294176e+03
3.438536e+03
2.842280e+03
2.986296e+03
1.206472e+03
1.696640e+03
2.117944e+03
2.363472e+03
1.846832e+03
2.235144e+03
2.207040e+03
2.220816e+03
2.537656e+03
2.071808e+03
2.003464e+03
9.403440e+02
6.254080e+02
5.271200e+02
6.133280e+02
5.638720e+02
5.280400e+02
1.023560e+03
1.733272e+03
1.733840e+03
1.925664e+03
2.468600e+03
2.860184e+03
2.987832e+03
3.359904e+03
2.015224e+03
1.297376e+03
3.935760e+03
4.542656e+03
4.693704e+03
4.507560e+03
4.568424e+03
4.594256e+03
4.025080e+03
3.770528e+03
3.621952e+03
3.142448e+03
1.806656e+03
2.600584e+03
2.987264e+03
3.011240e+03
1.642040e+03
1.380160e+03
8.989360e+02
9.402560e+02
8.274480e+02
9.905280e+02
1.127920e+03
1.056040e+03
9.661760e+02
6.412160e+02
7.473200e+02
6.972960e+02
7.124160e+02
1.088424e+03
1.004112e+03
1.442832e+03
2.722128e+03
2.953768e+03
2.819856e+03
1.964576e+03
1.750920e+03
1.569280e+03
1.266976e+03
1.393368e+03
1.481952e+03
1.612552e+03
1.829456e+03
1.999328e+03
2.174184e+03
2.037072e+03
1.994640e+03
2.145120e+03
2.266512e+03
2.273096e+03
2.355480e+03
1.595192e+03
1.667840e+03
1.398416e+03
4.148000e+02
6.409120e+02
6.926720e+02
1.727168e+03
1.275344e+03
1.081584e+03
1.445280e+03
2.030896e+03
1.197464e+03
1.434024e+03
1.585432e+03
9.724720e+02
8.810640e+02
1.038848e+03
1.540192e+03
1.633624e+03
1.175888e+03
1.748584e+03
1.134096e+03
2.070504e+03
2.048528e+03
2.176560e+03
1.399456e+03
1194
1.037544e+03
1.649120e+03
1.051072e+03
1.644968e+03
1.141504e+03
1.128088e+03
1.086496e+03
9.793760e+02
9.361600e+02
5.250080e+02
3.816160e+02
3.802160e+02
3.850640e+02
3.998480e+02
4.025680e+02
3.971280e+02
4.043120e+02
4.045040e+02
9.409360e+02
7.015200e+02
1.117392e+03
1.006496e+03
9.652880e+02
9.695440e+02
1.034896e+03
1.066360e+03
1.079544e+03
7.763120e+02
5.414320e+02
4.629920e+02
3.321760e+02
5.743520e+02
4.832320e+02
1.847968e+03
1.924408e+03
1.961072e+03
2.093360e+03
1.778768e+03
1.367288e+03
1.398744e+03
1.933872e+03
1.992784e+03
1.841784e+03
1.941152e+03
2.333256e+03
2.480840e+03
2.110816e+03
2.203744e+03
1.011232e+03
1.780904e+03
3.279832e+03
3.268768e+03
3.128504e+03
3.043064e+03
4.046568e+03
3.938240e+03
4.107968e+03
4.595408e+03
4.894272e+03
4.785296e+03
5.223800e+03
5.633512e+03
5.741424e+03
6.044272e+03
6.010864e+03
4.242040e+03
1.413488e+03
1.449440e+03
2.119824e+03
1.327592e+03
1.967608e+03
1192
4.515840e+02
8.769520e+02
1.247712e+03
1.392520e+03
6.509288e+03
5.754360e+03
4.843448e+03
2.019488e+03
1.116600e+03
1.375896e+03
1.868144e+03
2.149760e+03
2.128392e+03
2.090120e+03
2.105376e+03
1.591624e+03
7.858880e+02
9.901120e+02
1.165352e+03
1.367456e+03
1.308008e+03
1.234888e+03
1.205024e+03
1.462856e+03
1.917008e+03
2.291384e+03
2.682744e+03
2.602144e+03
2.256024e+03
1.873200e+03
8.392400e+02
8.740160e+02
8.958320e+02
9.032080e+02
9.399200e+02
9.536320e+02
9.107920e+02
9.746720e+02
9.531200e+02
1.901808e+03
3.624928e+03
3.568560e+03
4.174600e+03
4.197080e+03
4.108848e+03
3.947464e+03
3.871024e+03
3.752400e+03
3.263800e+03
3.315504e+03
3.334200e+03
4.046200e+03
3.108568e+03
2.552160e+03
2.140680e+03
2.068416e+03
1.546240e+03
1.466248e+03
2.088328e+03
1.853536e+03
2.352144e+03
1.707896e+03
1.214480e+03
9.526720e+02
2.285688e+03
2.907304e+03
2.746792e+03
1.675312e+03
1.158376e+03
1.159872e+03
3.027248e+03
3.034688e+03
3.115240e+03
2.723600e+03
3.225936e+03
3.191104e+03
3.466344e+03
3.371944e+03
3.155352e+03
3.413112e+03
3.525216e+03
3.351008e+03
3.275848e+03
3.414024e+03
3.346072e+03
3.385152e+03
3.513392e+03
2.596816e+03
1.513024e+03
1.177864e+03
9.015120e+02
9.876800e+02
3.307904e+03
3.714504e+03
3.554632e+03
3.300528e+03
3.479592e+03
4.071800e+03
4.597136e+03
4.708464e+03
4.778344e+03
5.022160e+03
4.193360e+03
3.865336e+03
3.319784e+03
3.156752e+03
3.182600e+03
2.828560e+03
2.799216e+03
2.837120e+03
2.770816e+03
2.786224e+03
2.819472e+03
2.667472e+03
2.721688e+03
2.504368e+03
2.525656e+03
2.968768e+03
2.469968e+03
2.619048e+03
2.752048e+03
2.096552e+03
1.233912e+03
1.234816e+03
1.326040e+03
1.351624e+03
1.623984e+03
2.137376e+03
2.848256e+03
2.939592e+03
2.926792e+03
2.879224e+03
2.700072e+03
3.280848e+03
2.038176e+03
3.021280e+03
2.952984e+03
3.338424e+03
3.800144e+03
2.890424e+03
2.815136e+03
2.738360e+03
3.451672e+03
3.349904e+03
1.586048e+03
1942
3.067416e+03
2.947816e+03
2.458616e+03
2.298800e+03
2.769928e+03
1.984248e+03
9.383280e+02
1.760360e+03
1.714056e+03
1.602152e+03
1.142352e+03
1.301272e+03
1.238496e+03
1.217984e+03
2.304672e+03
3.282280e+03
3.017624e+03
2.032112e+03
2.759168e+03
2.813256e+03
2.576168e+03
2.596528e+03
2.490648e+03
2.568864e+03
2.327752e+03
2.302672e+03
2.529072e+03
2.921856e+03
2.871032e+03
2.164480e+03
1.632744e+03
7.977520e+02
2.716504e+03
4.093168e+03
2.251352e+03
3.895792e+03
3.474672e+03
2.134008e+03
2.201176e+03
3.444640e+03
3.514736e+03
3.703480e+03
3.892424e+03
3.888176e+03
1.495608e+03
1.551632e+03
1.489088e+03
1.560448e+03
1.522088e+03
1.759952e+03
3.482424e+03
4.028872e+03
3.112504e+03
2.590880e+03
3.476464e+03
3.592016e+03
3.885328e+03
4.025136e+03
4.049656e+03
1.814912e+03
1.659792e+03
1.832240e+03
1.760840e+03
1.984512e+03
5.146064e+03
6.412712e+03
6.252032e+03
6.005664e+03
5.469568e+03
5.757288e+03
6.164704e+03
3.304712e+03
2.364048e+03
1.716808e+03
1.289696e+03
2.499776e+03
3.800824e+03
3.747064e+03
3.793240e+03
3.602480e+03
3.725320e+03
3.423376e+03
3.824328e+03
3.655640e+03
3.458960e+02
2.665720e+03
4.210840e+03
2.691184e+03
2.109816e+03
3.118880e+03
3.221640e+03
3.396864e+03
3.336592e+03
3.628008e+03
4.049608e+03
4.127352e+03
4.248104e+03
2.317088e+03
1.899864e+03
1.879744e+03
1.801984e+03
1.877248e+03
1.927952e+03
1.850920e+03
1.348456e+03
9.253520e+02
850
8.243200e+02
7.019360e+02
9.454480e+02
5.646480e+02
7.450160e+02
1.082104e+03
1.005760e+03
5.194800e+02
1.365616e+03
1.348352e+03
6.824080e+02
4.904960e+02
8.195600e+02
1.367992e+03
1.327912e+03
1.228136e+03
7.661120e+02
7.898640e+02
6.963680e+02
7.166240e+02
6.856000e+02
1.882288e+03
3.180472e+03
2.977632e+03
2.215888e+03
2.200728e+03
2.244264e+03
2.524072e+03
2.759704e+03
1.442856e+03
7.992240e+02
8.071280e+02
6.432480e+02
6.622720e+02
7.588240e+02
1.426360e+03
5.204896e+03
5.239552e+03
4.020616e+03
1.599832e+03
1.535304e+03
1.517496e+03
1.936360e+03
1.323408e+03
8.582560e+02
2.317360e+03
2.008376e+03
2.228016e+03
3.911968e+03
4.985576e+03
3.849552e+03
1.662400e+03
2.403920e+03
1.299968e+03
2.154928e+03
4.541840e+02
1.188184e+03
8.422560e+02
1.343488e+03
1.849800e+03
1.753912e+03
1.606392e+03
1.564096e+03
1.090288e+03
1.197880e+03
1.417968e+03
2.260616e+03
2.147800e+03
1.489744e+03
1.424008e+03
5.797440e+02
6.561600e+02
1.290928e+03
8.012000e+02
7.157520e+02
2.102824e+03
5.928128e+03
4.636928e+03
3.766184e+03
4.131296e+03
3.921120e+03
1.675144e+03
1.600984e+03
1.989400e+03
1.903144e+03
2.151880e+03
2.388920e+03
2.304112e+03
2.314384e+03
2.301312e+03
2.233488e+03
2.458736e+03
2.417344e+03
2.040720e+03
2228
2.055400e+03
1.550064e+03
8.721840e+02
4.185040e+02
5.074400e+02
5.113440e+02
6.910320e+02
575
6.486960e+02
6.009920e+02
7.549360e+02
1.578528e+03
1.051856e+03
4.296240e+02
3.939120e+02
5.422400e+02
9.748160e+02
8.888080e+02
1.084776e+03
1.630984e+03
1.897752e+03
1.270224e+03
1.036040e+03
9.770160e+02
7.202080e+02
9.664080e+02
1.363072e+03
9.743600e+02
7.528160e+02
8.704000e+02
7.711920e+02
3.892080e+02
4.125368e+03
4.277104e+03
3.565656e+03
2.134088e+03
4.134528e+03
3.422776e+03
1.985376e+03
2.389336e+03
3.239336e+03
3.192896e+03
2.471424e+03
1.278808e+03
1.618248e+03
2.358912e+03
1.023344e+03
1.887624e+03
3.317664e+03
3.714200e+03
3.344760e+03
2.202104e+03
1.242488e+03
5.413680e+02
2.917520e+02
1.871920e+02
1.927600e+02
1.856080e+02
4.450800e+02
2.292224e+03
3.976000e+02
3.909360e+02
4.453840e+02
3.184000e+02
2.621040e+02
3.694480e+02
5.364320e+02
5.231760e+02
3.814880e+02
2.735040e+02
3.641432e+03
3.892976e+03
3.083816e+03
1.975072e+03
2.254048e+03
1.883080e+03
1.507032e+03
1.408144e+03
1.551328e+03
1.685728e+03
1.642888e+03
1.280016e+03
9.821280e+02
1.141856e+03
1.204280e+03
806
6.646160e+02
1.135976e+03
1.003984e+03
7.184400e+02
7.197840e+02
8.864800e+02
9.038080e+02
9.432960e+02
9.382640e+02
9.579280e+02
1.129376e+03
1.223944e+03
1.248904e+03
1.312320e+03
1.312168e+03
1.394848e+03
1.222568e+03
1.336488e+03
1.140712e+03
1.104952e+03
1.232728e+03
1.288008e+03
5.437440e+02
5.315440e+02
5.748880e+02
8.161360e+02
8.585680e+02
8.528240e+02
7.180800e+02
7.400800e+02
8.194400e+02
7.182240e+02
8.120720e+02
7.178640e+02
6.173920e+02
5.807040e+02
1.150160e+03
7.577120e+02
7.366960e+02
6.802240e+02
5.788400e+02
4.579200e+02
5.557840e+02
5.033680e+02
6.205200e+02
6.656480e+02
4.192320e+02
5.241360e+02
1.094328e+03
9.942880e+02
9.445680e+02
1.099256e+03
8.350080e+02
3.534800e+02
3.182000e+02
2.977920e+02
3.575600e+02
3.151280e+02
3.115280e+02
4.998720e+02
5.483120e+02
8.109280e+02
7.911280e+02
7.708800e+02
7.647920e+02
7.573120e+02
8.641600e+02
1.059872e+03
8.218560e+02
2.828928e+03
3.786368e+03
1.722976e+03
1.583344e+03
1.561224e+03
1.139792e+03
9.826560e+02
1.001288e+03
9.342720e+02
1.081808e+03
1.310352e+03
1.246128e+03
9.649280e+02
1.076272e+03
1.152920e+03
1.270832e+03
1.264784e+03
1.742224e+03
2.086944e+03
1.641048e+03
1.529312e+03
1.297216e+03
1.108624e+03
1.100728e+03
9.134000e+02
9.850160e+02
9.430640e+02
9.164960e+02
9.358560e+02
9.767760e+02
9.071520e+02
7.908480e+02
7.634080e+02
7.147760e+02
6.763760e+02
8.005280e+02
8.035600e+02
8.511680e+02
8.085520e+02
7.694800e+02
7.377120e+02
9.353040e+02
1.063320e+03
1.130432e+03
1.094288e+03
9.683040e+02
8.369920e+02
9.534400e+02
9.098240e+02
5.645360e+02
5.751920e+02
1.776680e+03
2.168984e+03
1.843032e+03
1.512224e+03
8.431200e+02
5.247200e+02
4.985840e+02
4.610400e+02
4.557120e+02
1.182504e+03
1.311248e+03
1.285984e+03
1.177928e+03
1.225456e+03
1.437496e+03
1.624472e+03
2.112848e+03
2.097464e+03
1.981088e+03
1.789752e+03
2.292600e+03
1.314016e+03
1.160616e+03
1.841808e+03
1.826680e+03
1.969144e+03
1.854776e+03
1.814296e+03
7.672960e+02
9.770240e+02
8.620720e+02
1.248184e+03
1.216560e+03
9.664240e+02
7.743920e+02
8.302080e+02
7.951920e+02
7.949440e+02
7.595360e+02
9.534080e+02
8.065680e+02
8.655520e+02
3.506000e+02
4.350640e+02
4.568400e+02
5.702640e+02
2.434800e+02
2.109040e+02
2.540320e+02
4.424560e+02
5.540800e+02
7.406080e+02
5.446960e+02
4.961920e+02
5.002160e+02
3.711200e+02
9.567200e+01
7.391200e+01
1.129920e+02
2.110560e+02
1.870960e+02
1.714400e+02
1.760720e+02
2.138480e+02
4.228240e+02
3.229040e+02
8.859920e+02
6.163360e+02
9.208080e+02
1.103528e+03
1.250040e+03
1.295120e+03
1.319568e+03
9.337040e+02
9.595840e+02
9.864080e+02
8.244320e+02
1.208080e+03
1.155728e+03
8.973360e+02
6.566560e+02
1.614560e+03
1.503584e+03
1.297880e+03
1.096600e+03
1.365768e+03
1.075272e+03
1.003632e+03
8.266720e+02
1.084288e+03
9.466240e+02
8.046240e+02
9.754480e+02
1.160616e+03
1.225184e+03
1.084600e+03
1.176128e+03
1.065192e+03
1.182264e+03
9.738720e+02
8.717440e+02
1.056256e+03
1.150248e+03
1.215640e+03
1.084784e+03
1.197408e+03
8.852160e+02
1.084544e+03
1.319408e+03
9.670320e+02
1.053696e+03
1.044392e+03
9.548560e+02
6.654880e+02
5.292720e+02
5.474080e+02
8.739360e+02
1.170192e+03
9.394000e+02
7.581840e+02
9.277920e+02
6.762240e+02
5.988160e+02
4.165600e+02
6.063200e+02
1.191840e+03
1.356584e+03
1.217192e+03
1.438360e+03
1.364408e+03
1.034264e+03
1.096384e+03
1.053232e+03
1.022056e+03
1.278984e+03
1.471552e+03
1.145968e+03
7.194880e+02
4.964800e+02
465
5.558000e+02
1.136456e+03
8.398240e+02
8.277760e+02
8.272560e+02
8.312000e+02
5.251360e+02
6.687760e+02
1.205808e+03
9.510240e+02
4.656480e+02
2.261336e+03
2.398912e+03
2.311968e+03
2.362928e+03
2.307264e+03
2.344592e+03
1.239632e+03
1.610128e+03
2.005880e+03
9.064640e+02
6.363040e+02
9.329040e+02
6.508240e+02
5.533680e+02
4.883680e+02
4.635760e+02
4.310240e+02
4.289920e+02
1.080200e+03
1.280376e+03
1.250344e+03
1.206168e+03
1.486816e+03
1.351896e+03
1.088616e+03
9.133360e+02
7.339120e+02
7.648880e+02
1.119488e+03
1.200368e+03
1.217888e+03
1.176560e+03
1.143448e+03
1.233448e+03
1.256904e+03
1.382792e+03
1.330320e+03
1.428408e+03
2.252208e+03
2.270384e+03
1.346688e+03
1.293920e+03
9.566960e+02
7.882240e+02
9.856080e+02
9.439440e+02
1.000720e+03
1.274696e+03
8.361600e+02
9.604960e+02
6.770160e+02
7.670160e+02
8.359040e+02
1.173328e+03
1.186528e+03
9.602720e+02
1.101312e+03
9.545760e+02
8.214720e+02
1.229736e+03
1.580504e+03
1.376504e+03
1.461392e+03
1.524440e+03
1.058488e+03
6.424960e+02
7.695840e+02
7.121920e+02
1.429024e+03
1.363768e+03
1.601792e+03
1.954520e+03
1.591376e+03
1.443656e+03
1.432496e+03
2.459928e+03
2.394904e+03
2.198808e+03
2.267800e+03
2.410944e+03
2.181088e+03
2.075896e+03
1.991368e+03
1.940664e+03
1.554232e+03
7.490800e+02
4.985200e+02
4.842480e+02
4.789200e+02
9.299600e+02
2.200208e+03
2.195272e+03
3.198336e+03
3.141696e+03
3.017368e+03
9.502640e+02
1.169600e+03
1.844640e+03
2.048704e+03
1.594232e+03
1.279168e+03
1.806728e+03
1.877528e+03
1.222072e+03
2.157080e+03
2.529328e+03
2.790024e+03
1.519336e+03
8.159520e+02
8.603360e+02
6.999120e+02
6.052880e+02
8.444800e+02
7.128480e+02
8.590400e+02
8.300240e+02
1.550136e+03
1.523472e+03
7.390960e+02
5.906960e+02
7.263440e+02
1.101112e+03
1.904032e+03
1.699056e+03
1.502472e+03
1.215832e+03
5.733200e+02
3.700480e+02
8.985040e+02
1.328856e+03
1.527584e+03
1.115304e+03
1.457944e+03
1.445936e+03
1.415736e+03
8.188480e+02
6.736320e+02
5.439840e+02
4.682800e+02
5.069120e+02
4.797040e+02
5.294240e+02
6.305120e+02
7.001200e+02
6.811120e+02
6.904560e+02
6.300320e+02
7.044400e+02
4.790080e+02
894
9.384000e+02
8.787360e+02
8.594400e+02
4.370080e+02
2.927680e+02
6.852240e+02
9.614800e+02
1.240312e+03
2.064216e+03
1.423888e+03
2.549840e+02
5.365440e+02
6.711680e+02
5.868160e+02
5.707680e+02
6.262320e+02
5.033840e+02
4.083680e+02
4.039440e+02
3.243280e+02
3.020720e+02
2.862000e+02
2.697680e+02
5.955520e+02
7.061200e+02
7.216560e+02
6.214240e+02
2.950480e+02
8.031120e+02
9.222960e+02
1.175184e+03
1.198688e+03
8.621280e+02
5.346560e+02
3.679360e+02
3.945120e+02
5.301200e+02
4.575680e+02
3.542000e+02
2.895840e+02
3.405920e+02
3.038320e+02
3.805280e+02
4.532400e+02
1.098480e+03
1.260808e+03
9.818720e+02
2.122496e+03
2.639688e+03
2.549384e+03
1.098456e+03
2.310848e+03
2.350320e+03
2.186040e+03
1.777184e+03
1.080744e+03
6.745440e+02
9.396800e+02
9.474640e+02
6.594480e+02
6.225360e+02
6.226800e+02
7.075680e+02
1.477240e+03
1.373848e+03
8.934640e+02
1.682912e+03
1.455408e+03
1.082560e+03
1.118880e+03
1.303368e+03
1.411320e+03
1.261952e+03
1.032840e+03
9.039920e+02
7.609200e+02
7.586000e+02
7.472720e+02
8.709840e+02
9.779600e+02
9.506480e+02
781
1.015440e+03
1.045800e+03
9.618480e+02
7.519680e+02
7.307520e+02
6.536960e+02
5.775280e+02
5.857360e+02
5.644080e+02
6.767600e+02
5.762640e+02
7.158480e+02
1.159528e+03
2.075128e+03
2.761976e+03
2.271856e+03
1.228560e+03
7.721760e+02
6.922880e+02
7.244960e+02
7.903760e+02
7.116880e+02
3.576080e+02
3.869120e+02
6.737360e+02
8.383200e+02
9.776720e+02
9.498240e+02
1.745968e+03
1.841184e+03
1.959504e+03
1.941128e+03
1.655352e+03
1.318792e+03
2.357032e+03
1.773328e+03
2.036896e+03
1.783704e+03
1.734808e+03
1.598240e+03
1.237784e+03
1.340072e+03
1.411760e+03
1.521040e+03
1.435016e+03
1.891504e+03
1.864224e+03
1.797120e+03
1.549432e+03
1.382800e+03
1.399176e+03
1.638128e+03
2.326040e+03
1.728880e+03
1.273208e+03
1.485016e+03
1.402400e+03
1.525392e+03
1.713032e+03
1.798856e+03
1.753224e+03
1.792848e+03
1.852728e+03
1.700424e+03
1.693224e+03
1.871320e+03
2.045584e+03
1.765248e+03
1.429904e+03
1.569160e+03
1.367592e+03
1.242120e+03
8.137200e+02
9.715920e+02
1.045128e+03
8.761920e+02
1.379576e+03
9.122640e+02
1.574208e+03
1.757264e+03
1.312336e+03
1.246960e+03
1.070856e+03
1.068904e+03
9.298160e+02
9.112640e+02
1.704040e+03
3.454832e+03
4.222704e+03
3.570392e+03
2.627240e+03
2.128520e+03
1.911800e+03
5.522000e+02
1826
4.585264e+03
5.431456e+03
4.770200e+03
1.368064e+03
1.738288e+03
1.711088e+03
1.851472e+03
1.751136e+03
1.552880e+03
1.435104e+03
1.544400e+03
2.172840e+03
2.466176e+03
2.505776e+03
2.014808e+03
1.475768e+03
1.259560e+03
9.672640e+02
7.109520e+02
7.839600e+02
8.857760e+02
1.256208e+03
1.647856e+03
1.542200e+03
9.648000e+02
8.575520e+02
1.592320e+03
2.849112e+03
2.500648e+03
2.697304e+03
2.272472e+03
1.625528e+03
2.024744e+03
2.826968e+03
2.823280e+03
3.265616e+03
2.947904e+03
2.611720e+03
2.037696e+03
1.951784e+03
1.894808e+03
1.473424e+03
1.434256e+03
1.671880e+03
2.459176e+03
2.077648e+03
2.575056e+03
2.935536e+03
3.308024e+03
3.327144e+03
2.623768e+03
2.777552e+03
2.347056e+03
1.683984e+03
1.452688e+03
1.317832e+03
2.090984e+03
2.305648e+03
2.155056e+03
1.475168e+03
1.410904e+03
1.373240e+03
1.208152e+03
4.967360e+02
7.808560e+02
1.452072e+03
1.225792e+03
6.549440e+02
5.607920e+02
7.063600e+02
1.870856e+03
2.604008e+03
1.975384e+03
1.781712e+03
1.572920e+03
1.480672e+03
1.415448e+03
1.345464e+03
1.405648e+03
1.634280e+03
1.732416e+03
1.365296e+03
1.529392e+03
1.707072e+03
1.537672e+03
1.596560e+03
1.640416e+03
1.872456e+03
2.005440e+03
2.140832e+03
2.216584e+03
1.728496e+03
1.118944e+03
1.277704e+03
1.679536e+03
1.254272e+03
1.656896e+03
1.318312e+03
1.341296e+03
1.707664e+03
1.907144e+03
1.601664e+03
1.380160e+03
1.409848e+03
1.462192e+03
1.398464e+03
1.623184e+03
1.566448e+03
1.904824e+03
7.293360e+02
1.043344e+03
2.141664e+03
3.734960e+02
1.051376e+03
2.106280e+03
1.470088e+03
1.285656e+03
1.305576e+03
1.105200e+03
1.736272e+03
2.063832e+03
1.852600e+03
2.009616e+03
2.014728e+03
1.102904e+03
1.238416e+03
1.041936e+03
1.016720e+03
1.064368e+03
1.317840e+03
2.691032e+03
1875
1.787432e+03
1.648392e+03
1.471344e+03
1.406960e+03
1.307184e+03
1.544360e+03
1401
1.671184e+03
1.893504e+03
2.114400e+03
2.360640e+03
2.167824e+03
1.940280e+03
1.812832e+03
1.719704e+03
1.439624e+03
1.338008e+03
1.551448e+03
1.484864e+03
1.742936e+03
1.777912e+03
2.069488e+03
2.241480e+03
1.913656e+03
1.794272e+03
2.005320e+03
2.116648e+03
2.036752e+03
1.608152e+03
1.320376e+03
1.368272e+03
1.277952e+03
1.514536e+03
1.157680e+03
9.932240e+02
1.012376e+03
1.173048e+03
1.696888e+03
2.170944e+03
1.603496e+03
1.376384e+03
1.121496e+03
1.203160e+03
1.024920e+03
1.098032e+03
1.438736e+03
1.507544e+03
1.134656e+03
8.981920e+02
8.241440e+02
9.795680e+02
1.330272e+03
1.483232e+03
6.576480e+02
8.973280e+02
1.306696e+03
1.115512e+03
1.173280e+03
1.384080e+03
1.401136e+03
1.743880e+03
1.843672e+03
1.994600e+03
1.817224e+03
2.068096e+03
1.777512e+03
1.418840e+03
1.490376e+03
1.597928e+03
1.397520e+03
8.898720e+02
1.099888e+03
1.149096e+03
6.965760e+02
2.099464e+03
2.327736e+03
1.747440e+03
3.461328e+03
2.103024e+03
1.411496e+03
8.398720e+02
1.017656e+03
1.969928e+03
1.428208e+03
8.239040e+02
1.038040e+03
2.364080e+03
3.052352e+03
6.131920e+02
6.479680e+02
5.573440e+02
7.052560e+02
8.498960e+02
1.056328e+03
1.252680e+03
1.946240e+03
1.838792e+03
1.070024e+03
1.075352e+03
8.670800e+02
1.171624e+03
1.780432e+03
3.025504e+03
4.445040e+02
1.094344e+03
1.487576e+03
1.787160e+03
1.665216e+03
1.534696e+03
1.371416e+03
1.337848e+03
1.019544e+03
1.066008e+03
1.071656e+03
1.315848e+03
1.884368e+03
4.924600e+03
1.812992e+03
4.574640e+02
4.904080e+02
8.724480e+02
8.528240e+02
6.449840e+02
1.261552e+03
1.925680e+03
2.033456e+03
1841
1.770680e+03
2.309672e+03
1.958864e+03
2.179424e+03
1.979984e+03
1.855008e+03
1.708936e+03
1.382968e+03
1.169912e+03
1.533392e+03
1.653784e+03
2.091480e+03
1.755184e+03
1.367016e+03
1.265064e+03
1.571592e+03
2.122824e+03
2.226752e+03
2.448352e+03
2.228472e+03
1.908704e+03
7.622400e+02
1.245800e+03
1.252224e+03
1.337408e+03
1.343088e+03
1.324984e+03
1.389680e+03
1.345232e+03
8.876960e+02
4.062480e+02
4.568400e+02
7.318480e+02
5.344880e+02
3.111760e+02
3.384880e+02
4.118000e+02
3.795120e+02
7.086880e+02
6.666800e+02
8.167600e+02
5.429600e+02
6.465280e+02
7.501520e+02
7.495600e+02
4.180320e+02
4.584640e+02
6.234560e+02
6.122000e+02
7.019920e+02
8.877040e+02
9.096640e+02
9.746320e+02
1.011568e+03
8.847680e+02
9.512160e+02
8.285280e+02
6.837280e+02
7.051840e+02
6.911760e+02
4.984480e+02
5.367200e+02
5.557520e+02
8.418080e+02
8.489360e+02
8.582480e+02
6.887440e+02
4.423760e+02
6.165040e+02
5.217280e+02
4.294000e+02
5.323200e+02
4.940400e+02
6.175760e+02
5.201280e+02
7.224560e+02
5.786960e+02
4.981440e+02
5.183680e+02
5.402480e+02
4.736640e+02
2.587920e+02
6.108640e+02
6.869440e+02
5.389680e+02
1.130632e+03
2.270304e+03
1.996672e+03
1.468456e+03
1.861904e+03
2.377192e+03
2.752896e+03
3.077840e+03
2.517320e+03
1.950616e+03
2.177496e+03
2.412752e+03
2.610848e+03
2.884352e+03
2.583872e+03
2.371824e+03
2.441928e+03
2.576560e+03
2.336304e+03
2.394840e+03
2.790040e+03
2.855584e+03
2.957792e+03
3.372368e+03
3.137288e+03
2.736136e+03
2.599584e+03
2.975136e+03
2.727552e+03
2.534408e+03
2.034592e+03
2.031016e+03
2.104552e+03
2.243840e+03
2.229240e+03
2.369560e+03
2.294256e+03
2.759648e+03
2.843880e+03
2.675536e+03
3.089168e+03
2.889920e+03
2.522416e+03
2.606008e+03
1.905008e+03
2.111344e+03
2.081104e+03
2.272264e+03
2.478104e+03
3147
2.752992e+03
2.209216e+03
1.886424e+03
1.750800e+03
1.872168e+03
2.146208e+03
1.878832e+03
1.686960e+03
1.565136e+03
1.572960e+03
1.810488e+03
1.875944e+03
1.675488e+03
1.507064e+03
9.647920e+02
9.546320e+02
8.470400e+02
6.862640e+02
5.451600e+02
6.492480e+02
9.748240e+02
7.922800e+02
1.056728e+03
1.311368e+03
1.618864e+03
1.300280e+03
1.687288e+03
1.699168e+03
1.783960e+03
1.859688e+03
1.137720e+03
1.105688e+03
1.367352e+03
1.418032e+03
1.372848e+03
1.248960e+03
1.460304e+03
1.353416e+03
1.653480e+03
1.888696e+03
1.444880e+03
1.573680e+03
1.462368e+03
1.138864e+03
1.171448e+03
1.222728e+03
1.342368e+03
1.493384e+03
1.564872e+03
1.658448e+03
1.739840e+03
1.702896e+03
1.421640e+03
1.413864e+03
1.610816e+03
1.754408e+03
1.789832e+03
1.676168e+03
5.118400e+02
5.217840e+02
5.271920e+02
5.652080e+02
5.792000e+02
6.884240e+02
3.858560e+02
3.717840e+02
3.734640e+02
3.911600e+02
3.913920e+02
3.871360e+02
3.496960e+02
4.652960e+02
1.694704e+03
1.861664e+03
1.940784e+03
1.887808e+03
1.838960e+03
1.735296e+03
1.447944e+03
1.338896e+03
1.108848e+03
1.038728e+03
1.482760e+03
1.144680e+03
1.837488e+03
2.304072e+03
1.405904e+03
1.535072e+03
1.289728e+03
1.059512e+03
7.208080e+02
1.186192e+03
1.891216e+03
2.898192e+03
2.748464e+03
1.967504e+03
1.363488e+03
3.698400e+03
1.892968e+03
1.551616e+03
1.368424e+03
1.012680e+03
9.940880e+02
1.016400e+03
1.065864e+03
1.018208e+03
9.532240e+02
1.048536e+03
7.462800e+02
8.825120e+02
8.728240e+02
1.577360e+03
1.120656e+03
1.063048e+03
1.147328e+03
1.363352e+03
1.708480e+03
1.738640e+03
1.573168e+03
1.507616e+03
1.682320e+03
1.648832e+03
1.822168e+03
1.813248e+03
1.907608e+03
1.595032e+03
1.799304e+03
2.152432e+03
2.126288e+03
1.573096e+03
2.279456e+03
1.686080e+03
1.718976e+03
2.104776e+03
2.338784e+03
1.219080e+03
9.912160e+02
6.236720e+02
7.287600e+02
1.098320e+03
1.037720e+03
8.469040e+02
9.324640e+02
8.910160e+02
8.191440e+02
6.604640e+02
8.741440e+02
1.362112e+03
9.441760e+02
6.566560e+02
1.276456e+03
1.771352e+03
1.203864e+03
1.017528e+03
1.256192e+03
1.102656e+03
7.717760e+02
9.647440e+02
7.174880e+02
8.271920e+02
7.312480e+02
6.249920e+02
8.010480e+02
1.117640e+03
5.935120e+02
6.140560e+02
1.580888e+03
1.288664e+03
1.259112e+03
1.392448e+03
1.023944e+03
1.358560e+03
1.174360e+03
1.264264e+03
1.150856e+03
1.097016e+03
1.126912e+03
1.059576e+03
1.196360e+03
1.246200e+03
1.216696e+03
1.332096e+03
1.396064e+03
1.378184e+03
1.646424e+03
1.480888e+03
2.059912e+03
2.105088e+03
1.201536e+03
1.082440e+03
3.601920e+02
5.421440e+02
4.697680e+02
4.040240e+02
4.111040e+02
9.641840e+02
1.664256e+03
2.096992e+03
7.266160e+02
6.141600e+02
5.191600e+02
1.176592e+03
1.186192e+03
1.418336e+03
1.285552e+03
1.422400e+03
1.090696e+03
4.364160e+02
5.536000e+02
6.588240e+02
6.577760e+02
6.989600e+02
7.790320e+02
7.229760e+02
1.381432e+03
1.417800e+03
7.357520e+02
1.462776e+03
9.343920e+02
9.379520e+02
6.924800e+02
4.864800e+02
5.070080e+02
4.897360e+02
3.947840e+02
3.615200e+02
389
5.639280e+02
9.993440e+02
1.102048e+03
1.108512e+03
1.135800e+03
6.214720e+02
7.978320e+02
3.847840e+02
4.710160e+02
1.055824e+03
1.145032e+03
1.090880e+03
9.780880e+02
6.419040e+02
8.345920e+02
4.434480e+02
5.287920e+02
3.863440e+02
585
4.805520e+02
5.421200e+02
7.724000e+02
7.887840e+02
1.082944e+03
9.912240e+02
7.756320e+02
3.317920e+02
3.099040e+02
5.624320e+02
5.562880e+02
7.795680e+02
7.386400e+02
7.738720e+02
8.585280e+02
6.944720e+02
1.027616e+03
1.498920e+03
1.345632e+03
8.960240e+02
1.065712e+03
1.192280e+03
9.563440e+02
8.541040e+02
9.016240e+02
1.034288e+03
5.182880e+02
6.967200e+02
6.781840e+02
6.132800e+02
6.993680e+02
8.626160e+02
7.861520e+02
4.305280e+02
8.649680e+02
7.804320e+02
1.057008e+03
1.154384e+03
8.925840e+02
1.410248e+03
1.336640e+03
1.309032e+03
1.225560e+03
9.488160e+02
6.852560e+02
5.444960e+02
1.077272e+03
1.319576e+03
8.854720e+02
7.245760e+02
8.521680e+02
7.848160e+02
8.320320e+02
8.215040e+02
7.099520e+02
5.469280e+02
5.793440e+02
7.214080e+02
5.537360e+02
5.155040e+02
6.594960e+02
9.121600e+02
6.798960e+02
5.187280e+02
5.961760e+02
6.855120e+02
7.724240e+02
6.300800e+02
5.144160e+02
3.708080e+02
4.235360e+02
5.416560e+02
5.197680e+02
3.103600e+02
4.561280e+02
6.877760e+02
7.673680e+02
