5.149600e+01
5.247200e+01
5.892800e+01
5.320800e+01
3.448640e+02
6.730880e+02
5.954640e+02
3.944000e+01
1.324640e+02
1.409520e+02
1.699920e+02
1.675040e+02
1.779200e+02
1.738080e+02
1.685920e+02
1.891200e+02
8.878400e+01
9.972800e+01
9.064800e+01
9.636800e+01
1.163280e+02
8.836800e+01
1.240880e+02
1.172800e+02
1.264320e+02
1.230320e+02
1.232560e+02
1.164160e+02
1.177760e+02
1.118800e+02
1.224160e+02
1.185200e+02
1.188400e+02
1.191200e+02
1.257760e+02
1.191920e+02
1.184800e+02
6.943760e+02
7.912080e+02
6.357600e+02
1.308768e+03
1.416496e+03
1.050688e+03
1.606960e+02
1.616400e+02
3.197760e+02
3.401520e+02
3.503280e+02
3.456640e+02
3.185200e+02
3.139040e+02
3.759120e+02
7.280160e+02
7.662480e+02
5.751680e+02
7.205680e+02
1.019584e+03
9.647680e+02
1.606736e+03
8.379200e+02
7.164960e+02
6.234880e+02
6.045200e+02
5.266960e+02
6.035360e+02
8.814480e+02
9.512640e+02
5.617200e+02
1.199240e+03
1.250448e+03
1.477256e+03
1.375632e+03
1.325088e+03
1.403448e+03
1.559448e+03
1.245984e+03
1.441152e+03
6.324880e+02
1.032520e+03
1.063880e+03
9.711600e+02
3.710560e+02
6.670480e+02
1.228656e+03
1.081672e+03
5.556000e+02
1.862480e+02
2.619200e+02
1.930880e+02
2.225040e+02
1.930960e+02
1.395360e+02
1.451120e+02
1.135712e+03
1.576696e+03
1.558104e+03
1.502408e+03
1.448952e+03
1.434328e+03
1.535936e+03
1.233976e+03
1.154432e+03
1.060784e+03
1.316264e+03
2.028864e+03
7.297840e+02
2.648400e+02
1.975200e+01
2.096000e+01
2.197600e+01
2.443200e+01
2.697600e+01
3.576800e+01
5.526400e+01
1.542320e+02
2.191760e+02
5.119200e+01
5.405600e+01
5.772000e+01
5.606400e+01
5.788800e+01
5.950400e+01
6.084000e+01
6.142400e+01
6.312800e+01
6.529600e+01
6.642400e+01
6.731200e+01
6.915200e+01
7.055200e+01
7.205600e+01
7.226400e+01
7.416000e+01
7.545600e+01
7.734400e+01
8.038400e+01
7.734400e+01
7.775200e+01
8.121600e+01
8.041600e+01
2.746960e+02
4.404160e+02
5.401440e+02
1.105352e+03
1.415816e+03
1.411296e+03
1.805968e+03
1.935472e+03
1.824288e+03
1.202088e+03
8.698800e+02
1.683616e+03
2.614128e+03
2.692688e+03
2.196624e+03
2.285512e+03
8.900160e+02
1.271216e+03
1.545856e+03
1.797696e+03
1.382464e+03
1.622576e+03
1.559832e+03
1.641288e+03
1.903312e+03
1.488864e+03
1.453568e+03
6.526320e+02
4.406960e+02
3.718160e+02
4.444720e+02
4.037680e+02
3.668240e+02
7.294640e+02
1.233056e+03
1.231200e+03
1.380744e+03
1.787192e+03
2.077320e+03
2.192480e+03
2.496528e+03
1.492608e+03
9.378320e+02
3.076472e+03
3.569496e+03
3.681072e+03
3.550880e+03
3.587416e+03
3.591032e+03
3.142688e+03
2.927136e+03
2.813472e+03
2.432112e+03
1.421568e+03
2.055928e+03
2.361232e+03
2.401856e+03
1.235624e+03
9.876960e+02
6.045200e+02
6.612080e+02
6.125680e+02
7.419360e+02
8.349360e+02
7.844880e+02
7.184080e+02
4.650400e+02
5.831040e+02
5.123760e+02
5.124560e+02
8.147920e+02
7.322080e+02
1.085808e+03
2.102832e+03
2.279680e+03
2.183472e+03
1.547056e+03
1.367296e+03
1.217208e+03
8.816560e+02
9.609360e+02
1.021096e+03
1.126384e+03
1.289248e+03
1.416488e+03
1.541024e+03
1.400928e+03
1.372488e+03
1.501200e+03
1.589416e+03
1.638200e+03
1.717872e+03
1.158152e+03
1.218432e+03
1.026880e+03
3.048080e+02
4.771040e+02
5.140880e+02
1.335528e+03
9.398880e+02
8.371760e+02
1.099128e+03
1.520432e+03
9.040080e+02
1.131232e+03
1.254528e+03
7.339280e+02
6.818480e+02
8.076960e+02
1.185640e+03
1.266056e+03
8.875200e+02
1.360896e+03
8.670640e+02
1.627576e+03
1.593920e+03
1.643016e+03
1.069728e+03
9.036960e+02
7.518880e+02
1.279104e+03
8.051760e+02
1.262224e+03
7.856880e+02
7.727040e+02
7.499040e+02
6.811680e+02
6.481280e+02
3.696960e+02
2.738960e+02
2.725360e+02
2.765600e+02
2.882560e+02
2.871680e+02
2.848080e+02
2.925680e+02
2.883040e+02
7.311680e+02
5.318160e+02
8.510160e+02
7.648240e+02
7.482720e+02
7.504800e+02
7.971280e+02
8.307440e+02
8.320080e+02
5.904960e+02
4.043760e+02
357
2.557040e+02
4.403360e+02
3.682240e+02
1.292952e+03
1.346232e+03
1.376344e+03
1.499496e+03
1.321448e+03
1.042832e+03
1.068840e+03
1.487376e+03
1.513264e+03
1.411816e+03
1.491232e+03
1.794496e+03
1.917296e+03
1.608656e+03
1.676920e+03
7.721680e+02
1.355080e+03
2.486592e+03
2.472104e+03
2.347912e+03
2.268672e+03
3.028096e+03
2.934176e+03
3.058832e+03
3.450200e+03
3.741120e+03
3.567744e+03
3.920280e+03
4.221504e+03
4.322032e+03
4.586704e+03
4.581672e+03
3.262008e+03
1.093720e+03
1.108992e+03
1.660248e+03
1.023672e+03
1.528104e+03
9.209440e+02
3.091040e+02
672
9.637920e+02
1.080288e+03
5.212440e+03
4.543616e+03
3.739704e+03
1.555464e+03
8.470800e+02
1.024344e+03
1.356528e+03
1.553336e+03
1.518680e+03
1.503168e+03
1.501384e+03
1.124600e+03
545
7.162720e+02
8.434080e+02
9.492160e+02
8.745840e+02
8.561600e+02
8.636160e+02
1.062928e+03
1.429320e+03
1.735904e+03
2.057704e+03
1.989152e+03
1.705752e+03
1.396536e+03
5.894800e+02
6.164320e+02
6.374480e+02
6.422400e+02
6.647600e+02
6.736480e+02
6.522800e+02
6.866560e+02
6.852640e+02
1.457184e+03
2.891280e+03
2.814088e+03
3.295872e+03
3.287688e+03
3.226040e+03
3.090480e+03
3.037344e+03
2.926568e+03
2.522880e+03
2.555080e+03
2.581496e+03
3.218168e+03
2.506176e+03
2.072352e+03
1.718792e+03
1.666552e+03
1.190664e+03
1.105832e+03
1.596632e+03
1.327888e+03
1.746792e+03
1.308032e+03
9.098400e+02
7.104480e+02
1.733048e+03
2.183696e+03
2.050560e+03
1.238472e+03
8.310480e+02
8.283600e+02
2.378672e+03
2.261704e+03
2.372712e+03
2.129992e+03
2.516648e+03
2.489224e+03
2.715088e+03
2.636656e+03
2.471160e+03
2.674472e+03
2.758680e+03
2.619688e+03
2.549512e+03
2.704960e+03
2.664200e+03
2.705920e+03
2.807712e+03
2.051560e+03
1.167304e+03
9.044480e+02
6.803040e+02
7.552960e+02
2.468704e+03
2.770832e+03
2.689752e+03
2.571656e+03
2.721256e+03
3.147384e+03
3.597056e+03
3.692840e+03
3.748592e+03
3.946504e+03
3.283680e+03
3.052728e+03
2.627160e+03
2.486448e+03
2.505808e+03
2.188904e+03
2.142080e+03
2.166224e+03
2.125992e+03
2.152816e+03
2.194936e+03
2.078672e+03
2.123816e+03
1.952320e+03
1.995176e+03
2.351896e+03
1.935336e+03
2.030408e+03
2.161976e+03
1.633192e+03
9.256000e+02
9.310720e+02
9.818480e+02
1.017736e+03
1.253544e+03
1.596120e+03
2.187128e+03
2.238912e+03
2.225008e+03
2.186480e+03
2.069320e+03
2.586976e+03
1.586032e+03
2.382744e+03
2.308144e+03
2.620312e+03
3.010400e+03
2.252400e+03
2.199600e+03
2.118800e+03
2.676840e+03
2.611624e+03
1.197976e+03
1.509336e+03
2.383280e+03
2.273776e+03
1.879096e+03
1.755560e+03
2.138176e+03
1.518960e+03
7.154240e+02
1.344808e+03
1.281096e+03
1.223656e+03
8.775920e+02
1.007840e+03
9.551920e+02
9.500880e+02
1.757480e+03
2.515024e+03
2.322184e+03
1.588016e+03
2.139552e+03
2.151472e+03
1.960224e+03
1.979200e+03
1.906760e+03
1.887600e+03
1.656824e+03
1.627040e+03
1.821840e+03
2.247328e+03
2.194784e+03
1.675624e+03
1.228608e+03
5.776240e+02
2.109160e+03
3.198704e+03
1.701080e+03
3.041080e+03
2.713648e+03
1.656392e+03
1.707704e+03
2.668912e+03
2.717064e+03
2.869144e+03
3026
3.027872e+03
1.175512e+03
1.217264e+03
1.178168e+03
1.235144e+03
1.184816e+03
1.384944e+03
2.739600e+03
3.165984e+03
2.468968e+03
2.039808e+03
2.785984e+03
2.844728e+03
3.038552e+03
3.161096e+03
3.189224e+03
1.422336e+03
1.307888e+03
1.447496e+03
1.390200e+03
1.566352e+03
4.152160e+03
5.186856e+03
5.048680e+03
4.849696e+03
4.383488e+03
4.628960e+03
4.984840e+03
2.598904e+03
1.818416e+03
1.346512e+03
1.004280e+03
1.987448e+03
2.975264e+03
2.927248e+03
2.980600e+03
2.796480e+03
2.928960e+03
2.660944e+03
3.048752e+03
2.915136e+03
2.529440e+02
2.120976e+03
3.367520e+03
2.129984e+03
1.646152e+03
2.415632e+03
2.497648e+03
2.630536e+03
2.576544e+03
2.832976e+03
3.145536e+03
3.204712e+03
3.302512e+03
1.744528e+03
1.383064e+03
1.395008e+03
1.302808e+03
1.359848e+03
1.396896e+03
1.356960e+03
1.028968e+03
6.925760e+02
6.166080e+02
5.871440e+02
4.764240e+02
6.772800e+02
3.985200e+02
5.267680e+02
7.807600e+02
7.276080e+02
3.801760e+02
1.049688e+03
1.037536e+03
4.991760e+02
3.488160e+02
5.908080e+02
1.004512e+03
9.706880e+02
8.952960e+02
5.533920e+02
5.704640e+02
5.003040e+02
5.172800e+02
4.866720e+02
1.445896e+03
2.395744e+03
2.250896e+03
1.625472e+03
1.632128e+03
1.652608e+03
1.856296e+03
2.033416e+03
1.062072e+03
5.807760e+02
6.015040e+02
4.801200e+02
494
5.691920e+02
1.101136e+03
3.990040e+03
3.980624e+03
3.020384e+03
1.192040e+03
1.144768e+03
1.129520e+03
1.477632e+03
9.964240e+02
6.336960e+02
1.808360e+03
1.534104e+03
1.737624e+03
3.136304e+03
3.992264e+03
3.030216e+03
1.302896e+03
1.884352e+03
9.844640e+02
1.682816e+03
3.304880e+02
8.916640e+02
6.135040e+02
1.008352e+03
1.423008e+03
1.343864e+03
1.223968e+03
1.193848e+03
8.497680e+02
9.352320e+02
1.078232e+03
1715
1.642176e+03
1.132600e+03
1.079400e+03
4.207840e+02
4.928320e+02
1.001744e+03
5.807920e+02
5.115040e+02
1.659896e+03
4.813640e+03
3.717344e+03
2.970840e+03
3.223192e+03
3.068904e+03
1.309720e+03
1.237624e+03
1.518056e+03
1.446168e+03
1.647856e+03
1.848392e+03
1.794832e+03
1.798832e+03
1.792288e+03
1.740120e+03
1.922728e+03
1.879808e+03
1.567264e+03
1.685440e+03
1.530200e+03
1.161312e+03
6.398240e+02
2.911520e+02
3.575200e+02
3.618880e+02
4.866880e+02
4.152880e+02
4.800240e+02
4.369120e+02
5.599920e+02
1.181360e+03
7.855920e+02
3.095040e+02
2.781680e+02
3.925120e+02
7.391920e+02
6.760640e+02
8.241520e+02
1.218808e+03
1.433120e+03
9.662880e+02
7.852000e+02
7.417680e+02
5.243120e+02
7.242080e+02
1.058640e+03
7.437440e+02
5.681120e+02
6.575360e+02
5.553200e+02
2.635200e+02
3.343168e+03
3.442912e+03
2.865832e+03
1.636200e+03
3.307232e+03
2.781208e+03
1.540440e+03
1.862280e+03
2.541216e+03
2.480880e+03
1.917200e+03
9.550480e+02
1.171224e+03
1.821656e+03
7.712160e+02
1.439296e+03
2.546440e+03
2.855296e+03
2.595696e+03
1.627736e+03
9.065520e+02
4.038000e+02
1.990240e+02
1.199200e+02
1.246960e+02
1.231040e+02
3.302560e+02
1.789040e+03
2.651280e+02
2.652880e+02
3.015920e+02
1.969920e+02
1.590320e+02
2.432320e+02
3.913680e+02
3.872560e+02
2.673920e+02
1.856080e+02
2.912456e+03
3.115304e+03
2.439312e+03
1.526312e+03
1.757976e+03
1.405112e+03
1.101392e+03
1.027056e+03
1.142864e+03
1.234056e+03
1.211680e+03
9.549600e+02
7.273040e+02
8.527840e+02
9.185280e+02
6.128720e+02
5.001440e+02
8.772400e+02
7.812160e+02
5.546960e+02
5.527680e+02
6.885760e+02
6.989520e+02
7.327920e+02
7.228640e+02
7.393200e+02
8.672880e+02
9.396720e+02
9.566960e+02
1.006304e+03
1.013648e+03
1.072520e+03
9.542160e+02
1.038864e+03
8.741680e+02
8.491840e+02
9.542560e+02
9.974400e+02
3.981200e+02
3.911600e+02
4.234960e+02
6.211600e+02
6.435440e+02
6.443360e+02
4.957920e+02
5.128000e+02
5.536880e+02
4.708960e+02
5.525200e+02
5.034000e+02
4.197520e+02
3.908080e+02
8.780160e+02
5.697680e+02
5.560800e+02
5.180080e+02
4.407440e+02
3.568320e+02
4.306320e+02
3.909520e+02
4.773200e+02
5.182240e+02
3.288000e+02
4.041680e+02
8.228800e+02
7.408160e+02
7.060720e+02
8.243200e+02
6.256560e+02
2.450640e+02
2.289680e+02
2.060320e+02
2.548160e+02
2.257200e+02
2.189680e+02
3.722000e+02
4.092160e+02
5.954720e+02
5.826320e+02
5.693840e+02
5.603600e+02
5.566880e+02
6.428000e+02
7.992400e+02
6.115040e+02
2.269408e+03
3.036096e+03
1.269504e+03
1.170840e+03
1.163296e+03
8.267360e+02
7.056080e+02
7.178640e+02
6.486640e+02
7.603200e+02
9.486480e+02
9.005440e+02
6.774400e+02
7.661280e+02
8.315120e+02
9.325120e+02
9.263040e+02
1.325272e+03
1.627824e+03
1.258016e+03
1.150096e+03
9.541120e+02
7.951360e+02
7.802000e+02
6.374000e+02
7.118960e+02
6.637360e+02
6.467520e+02
6.637280e+02
6.916800e+02
6.375840e+02
5.481920e+02
5.421840e+02
5.054560e+02
4.808640e+02
5.752560e+02
5.767040e+02
6.122560e+02
5.780240e+02
5.510960e+02
5.230560e+02
6.717920e+02
7.517680e+02
7.894880e+02
7.032320e+02
5.957280e+02
6.260400e+02
7.301440e+02
6.886560e+02
4.239440e+02
4.461680e+02
1.406688e+03
1.708056e+03
1.447528e+03
1.186896e+03
6.319280e+02
3.696960e+02
3.441840e+02
3.169520e+02
3.159920e+02
8.488320e+02
9.520480e+02
9.262400e+02
8.645120e+02
8.928240e+02
1.036456e+03
1.215264e+03
1.595504e+03
1.589440e+03
1.474928e+03
1.336776e+03
1.715432e+03
9.695680e+02
8.656560e+02
1.418712e+03
1.363824e+03
1.500856e+03
1.407904e+03
1.347272e+03
4.955440e+02
6.600640e+02
5.756720e+02
9.375520e+02
9.046000e+02
7.182560e+02
5.478640e+02
5.956400e+02
5.736640e+02
5.695200e+02
5.529920e+02
7.126560e+02
5.943280e+02
6.454080e+02
2.613760e+02
3.276160e+02
3.386640e+02
4.319280e+02
1.790640e+02
1.520640e+02
1.858400e+02
3.355840e+02
4.171440e+02
5.520880e+02
4.142960e+02
3.748800e+02
3.752240e+02
2.715840e+02
7.068800e+01
5.651200e+01
8.387200e+01
1.601280e+02
1.392400e+02
1.290880e+02
1.319920e+02
1.608240e+02
3.087120e+02
2.318080e+02
6.601040e+02
4.429840e+02
6.874800e+02
8.312640e+02
9.529360e+02
1.009976e+03
1.033784e+03
7.267520e+02
7.358640e+02
7.661200e+02
6.324560e+02
9.439680e+02
8.803040e+02
6.824960e+02
4.946960e+02
1.263208e+03
1.136712e+03
9.325920e+02
7.722000e+02
1.018424e+03
8.263520e+02
7.734000e+02
6.287120e+02
8.272880e+02
7.049840e+02
5.164320e+02
6.479760e+02
8.410160e+02
9.364960e+02
8.262960e+02
8.876000e+02
8.105280e+02
8.960960e+02
7.352720e+02
6.446480e+02
7.971520e+02
8.727360e+02
9.298480e+02
7.415040e+02
8.156160e+02
5.733280e+02
7.157440e+02
8.981120e+02
7.046800e+02
7.868080e+02
7.806640e+02
7.066720e+02
4.806160e+02
3.713120e+02
3.895120e+02
6.408800e+02
8.897120e+02
7.160640e+02
5.756560e+02
7.128320e+02
5.174240e+02
4.562480e+02
3.070800e+02
4.502880e+02
8.876160e+02
1.016024e+03
9.018080e+02
1.115832e+03
1.040656e+03
7.541200e+02
8.068800e+02
7.716960e+02
7.468800e+02
9.697680e+02
1.127880e+03
8.638160e+02
5.340240e+02
3.542480e+02
3.306800e+02
4.047440e+02
8.531040e+02
6.226080e+02
5.981600e+02
6.139760e+02
6.122320e+02
3.716000e+02
4.852320e+02
9.144960e+02
6.972640e+02
3.328320e+02
1.717696e+03
1.809432e+03
1.742664e+03
1.790168e+03
1.726768e+03
1.796368e+03
9.226960e+02
1.182480e+03
1.470816e+03
6.849600e+02
4.653680e+02
7.014240e+02
4.770160e+02
3.978720e+02
3.525200e+02
3.286400e+02
3.043120e+02
3.052240e+02
8.123360e+02
9.866240e+02
9.101760e+02
8.675200e+02
1.084512e+03
9.784080e+02
8.181520e+02
6.851120e+02
5.427520e+02
5.711040e+02
8.335520e+02
8.873600e+02
9.024960e+02
8.721440e+02
8.451600e+02
9.050960e+02
9.325520e+02
1.031120e+03
9.967440e+02
1.061744e+03
1.688400e+03
1.765840e+03
1.038744e+03
9.890080e+02
6.997120e+02
5.772480e+02
7.251280e+02
6.954960e+02
7.478640e+02
9.617280e+02
6.164480e+02
7.213040e+02
4.912400e+02
5.613520e+02
6.163360e+02
8.921280e+02
9.104720e+02
7.312240e+02
8.391280e+02
7.246880e+02
6.167680e+02
8.744240e+02
1.140568e+03
9.841200e+02
1.038912e+03
1.091608e+03
7.339520e+02
4.114320e+02
5.135200e+02
5.006160e+02
1.023232e+03
9.823200e+02
1.171312e+03
1.441696e+03
1.146040e+03
1.036272e+03
1.034648e+03
1.834904e+03
1.776584e+03
1.636976e+03
1.703824e+03
1.834120e+03
1.632016e+03
1.531152e+03
1.462664e+03
1.424480e+03
1.120168e+03
5.324160e+02
3.446080e+02
3.368240e+02
3.333840e+02
651
1.573600e+03
1.597648e+03
2.389680e+03
2.303448e+03
2.223704e+03
6.927680e+02
8.555280e+02
1.388120e+03
1.564808e+03
1.194528e+03
9.377600e+02
1.382096e+03
1.435272e+03
9.165680e+02
1.677352e+03
1.974608e+03
2.172408e+03
1.136528e+03
6.231760e+02
6.572080e+02
5.277520e+02
4.143920e+02
5.804960e+02
4.706640e+02
5.386880e+02
5.088000e+02
1.222496e+03
1.192400e+03
5.503520e+02
4.166720e+02
5.009280e+02
8.098000e+02
1.461128e+03
1.276736e+03
1.115728e+03
8.416560e+02
3.963120e+02
2.551680e+02
6.503040e+02
9.739840e+02
1.166672e+03
8.401840e+02
1.086312e+03
1.058040e+03
1.035392e+03
5.829040e+02
4.746640e+02
3.540320e+02
3.063040e+02
3.331360e+02
3.559120e+02
3.988320e+02
4.670320e+02
4.808800e+02
4.641040e+02
4.856240e+02
4.467840e+02
4.939760e+02
3.497840e+02
6.417200e+02
6.833040e+02
6.350320e+02
6.109280e+02
3.148080e+02
1.995680e+02
4.778560e+02
6.829760e+02
8.863280e+02
1.480760e+03
1.020784e+03
1.746480e+02
3.720240e+02
4.725760e+02
3.985680e+02
3.874080e+02
4.330800e+02
3.373760e+02
2.713440e+02
2.745680e+02
2.212000e+02
2.009440e+02
1.865840e+02
1.801360e+02
4.323200e+02
517
5.168880e+02
4.330800e+02
1.856640e+02
5.901440e+02
6.701520e+02
8.407280e+02
8.494080e+02
5.880800e+02
3.561600e+02
2.504160e+02
2.653840e+02
4.010480e+02
3.407280e+02
2.624880e+02
2.133040e+02
2.491760e+02
2.244720e+02
2.845200e+02
3.365600e+02
8.521680e+02
9.646880e+02
7.334400e+02
1.653880e+03
2.070376e+03
1.989592e+03
8.476320e+02
1.794224e+03
1.819232e+03
1.686064e+03
1.369680e+03
8.185200e+02
5.085520e+02
7.067920e+02
7.161360e+02
4.898400e+02
4.602880e+02
461
5.241520e+02
1.130872e+03
1.058224e+03
6.828480e+02
1.265256e+03
1.114200e+03
8.074480e+02
8.299360e+02
9.701200e+02
1.061952e+03
9.630720e+02
7.772320e+02
6.669440e+02
5.490400e+02
5.527600e+02
5.418800e+02
6.425920e+02
7.411280e+02
7.257920e+02
5.821280e+02
7.750160e+02
7.965040e+02
7.342080e+02
5.622560e+02
5.405520e+02
4.775040e+02
4.341360e+02
4.350160e+02
4.106880e+02
4.713440e+02
3.990480e+02
5.070640e+02
8.553840e+02
1.562744e+03
2.031104e+03
1.691288e+03
9.237200e+02
5.649120e+02
5.097440e+02
5.322880e+02
5.867920e+02
5.296800e+02
2.721520e+02
2.973360e+02
4.779440e+02
5.742720e+02
6.850400e+02
6.923040e+02
1.281440e+03
1.358768e+03
1.496280e+03
1.480616e+03
1.248552e+03
9.541520e+02
1.754712e+03
1.194064e+03
1.446584e+03
1.268296e+03
1.169024e+03
1.119304e+03
8.913440e+02
9.787680e+02
9.666560e+02
1.129272e+03
1.075592e+03
1.439680e+03
1.416832e+03
1.377088e+03
1.160656e+03
1.031552e+03
1.046368e+03
1.223752e+03
1.710472e+03
1.210384e+03
8.383600e+02
1.018712e+03
9.460160e+02
1.019976e+03
1.156688e+03
1.238120e+03
1.199664e+03
1.199216e+03
1.254568e+03
1.185200e+03
1.155536e+03
1.310648e+03
1.458352e+03
1.192592e+03
9.481520e+02
1.091040e+03
9.802800e+02
9.266640e+02
6.001280e+02
7.142640e+02
7.759680e+02
6.629360e+02
1.012776e+03
4.777360e+02
1.138528e+03
1.279712e+03
8.688160e+02
8.317600e+02
7.189200e+02
7.109920e+02
6.082800e+02
5.904560e+02
1.208552e+03
2.606120e+03
3.251760e+03
2.699872e+03
1.944064e+03
1.529944e+03
1.376552e+03
3.773760e+02
1.412976e+03
3.648552e+03
4.387496e+03
3.835480e+03
9.627600e+02
1.196576e+03
1.190488e+03
1.290672e+03
1.229424e+03
1.082400e+03
9.909440e+02
1.107456e+03
1.633760e+03
1.850488e+03
1.883584e+03
1.504192e+03
1.073336e+03
8.988880e+02
6.784320e+02
4.932480e+02
5.520480e+02
630
9.055680e+02
1.233456e+03
1.138392e+03
6.942320e+02
6.009360e+02
1.198328e+03
2.238304e+03
1.960760e+03
2.123136e+03
1.775392e+03
1.274344e+03
1.604360e+03
2.227896e+03
2.227520e+03
2.614600e+03
2.315728e+03
2.062536e+03
1.587960e+03
1.525552e+03
1.479920e+03
1.133280e+03
1.099512e+03
1.288304e+03
1.944352e+03
1.619608e+03
2.009768e+03
2.297880e+03
2.606688e+03
2.620640e+03
2.054296e+03
2.174256e+03
1.825008e+03
1.292568e+03
1.099784e+03
9.948320e+02
1.622872e+03
1.828344e+03
1.689816e+03
1.128344e+03
1.073120e+03
1.045416e+03
9.132320e+02
3.528800e+02
5.687680e+02
1.096376e+03
9.190640e+02
4.702640e+02
3.938960e+02
5.132160e+02
1.431592e+03
2.031256e+03
1.539848e+03
1.383792e+03
1.209024e+03
1.133128e+03
1.071792e+03
1.026936e+03
1.065064e+03
1.241768e+03
1.326480e+03
1.044656e+03
1.158640e+03
1.299296e+03
1.163456e+03
1.210608e+03
1.245200e+03
1.440616e+03
1.545944e+03
1.676168e+03
1.737128e+03
1.319464e+03
8.510800e+02
9.705520e+02
1.269224e+03
9.141840e+02
1.238400e+03
8.997760e+02
9.084560e+02
1.237264e+03
1.467664e+03
1.226104e+03
1.040608e+03
1.070992e+03
1.111960e+03
1.057856e+03
1.237720e+03
1.169048e+03
1.453544e+03
4.989760e+02
7.668880e+02
1.667528e+03
2.868000e+02
8.129200e+02
1.630552e+03
1.120808e+03
9.467920e+02
9.294720e+02
7.911120e+02
1.302840e+03
1.615456e+03
1.435408e+03
1.572888e+03
1.547784e+03
8.142160e+02
9.206720e+02
7.683680e+02
7.488080e+02
7.793920e+02
9.640480e+02
2.075488e+03
1.456248e+03
1.393256e+03
1.280040e+03
1133
1.088448e+03
9.996800e+02
1.184464e+03
1.068696e+03
1.284896e+03
1.435032e+03
1.622408e+03
1.822696e+03
1.680040e+03
1.490240e+03
1.401248e+03
1.315128e+03
1.097976e+03
1.016248e+03
1.194224e+03
1.132360e+03
1.338744e+03
1.384208e+03
1.618176e+03
1.753832e+03
1.487896e+03
1.388952e+03
1.570760e+03
1.601176e+03
1.592512e+03
1.271312e+03
9.965200e+02
1.034784e+03
9.626080e+02
1.151496e+03
8.884400e+02
7.605760e+02
7.712400e+02
8.948480e+02
1.287048e+03
1.664336e+03
1.255984e+03
1.047392e+03
8.338560e+02
9.042640e+02
6.989280e+02
7.384640e+02
9.909920e+02
1.061424e+03
7.887600e+02
6.140960e+02
5.636640e+02
6.685440e+02
9.134800e+02
1.037800e+03
4.846400e+02
6.792160e+02
9.558240e+02
8.149920e+02
8.468000e+02
1.035912e+03
1.018552e+03
1.304424e+03
1.374560e+03
1.503656e+03
1.373568e+03
1.544760e+03
1.300200e+03
9.883280e+02
1.043328e+03
1.224640e+03
1.064256e+03
6.817600e+02
8.223520e+02
8.517200e+02
5.012320e+02
1.557064e+03
1.803120e+03
1.372064e+03
2.744040e+03
1.642536e+03
1.090768e+03
6.324880e+02
7.499280e+02
1.501912e+03
1.070216e+03
5.993200e+02
7.451120e+02
1.822464e+03
2.321352e+03
4.778400e+02
4.794480e+02
4.044160e+02
5.205760e+02
6.454320e+02
8.280880e+02
9.619520e+02
1.444464e+03
1.321616e+03
8.071840e+02
8.156080e+02
6.415840e+02
8.991120e+02
1.385024e+03
2.373432e+03
3.223840e+02
8.019840e+02
1.111360e+03
1.351832e+03
1.268920e+03
1.164272e+03
1.037912e+03
1.014568e+03
7.588960e+02
7.440320e+02
7.554560e+02
9.530800e+02
1.476224e+03
3.927928e+03
1.372056e+03
2.977040e+02
3.234320e+02
6.485120e+02
6.270400e+02
4.618800e+02
9.397520e+02
1.475440e+03
1.565768e+03
1.401224e+03
1.355912e+03
1.786256e+03
1.507512e+03
1.680584e+03
1.514024e+03
1.423560e+03
1.304904e+03
1.035232e+03
8.715920e+02
1.143536e+03
1.242240e+03
1.605952e+03
1.364560e+03
1.035736e+03
9.650720e+02
1.206632e+03
1.645136e+03
1.744648e+03
1925
1.733920e+03
1.472208e+03
5.420080e+02
9.397120e+02
9.570880e+02
1.025696e+03
1.031040e+03
1.010376e+03
1.030696e+03
9.997280e+02
6.641600e+02
2.938640e+02
3.369200e+02
5.420880e+02
3.968320e+02
2.239840e+02
2.471200e+02
3.067680e+02
2.817520e+02
5.431280e+02
5.073680e+02
6.279280e+02
4.177120e+02
4.814800e+02
5.487120e+02
5.705520e+02
3.096240e+02
3.365680e+02
4.654160e+02
4.600960e+02
5.369200e+02
6.799920e+02
6.792400e+02
7.236400e+02
7.555840e+02
6.583920e+02
7.083760e+02
5.934000e+02
4.914560e+02
5.086960e+02
4.946320e+02
3.671840e+02
3.909200e+02
4.050960e+02
6.312480e+02
6.394480e+02
6.467920e+02
5.257280e+02
3.283440e+02
4.624160e+02
3.987840e+02
3.254400e+02
4.055840e+02
3.690960e+02
4.676000e+02
3.906800e+02
5.507440e+02
4.345440e+02
3.754880e+02
3.876480e+02
4.031520e+02
3.516000e+02
1.851840e+02
4.095600e+02
4.723920e+02
3.751280e+02
8.464880e+02
1.781784e+03
1.542344e+03
1.127592e+03
1.466368e+03
1.878784e+03
2.177680e+03
2.450888e+03
2.000704e+03
1.505328e+03
1.676448e+03
1.866928e+03
2.051744e+03
2.258800e+03
2.020752e+03
1.848056e+03
1.897768e+03
2.018200e+03
1.822752e+03
1.863960e+03
2.185712e+03
2.243144e+03
2.330936e+03
2.675160e+03
2.481688e+03
2.154424e+03
2.048752e+03
2.376816e+03
2.148632e+03
1.990984e+03
1.602432e+03
1.592936e+03
1.655192e+03
1.773432e+03
1.765824e+03
1.881736e+03
1.800472e+03
2.165848e+03
2.235792e+03
2.089240e+03
2.430688e+03
2.259064e+03
1.969016e+03
2.022088e+03
1.474352e+03
1.651072e+03
1.610432e+03
1.763472e+03
1.926640e+03
2.460464e+03
2.161232e+03
1.708088e+03
1.464208e+03
1.362688e+03
1.435128e+03
1.679448e+03
1.467040e+03
1.299080e+03
1.176968e+03
1.188448e+03
1.390656e+03
1.429680e+03
1.276688e+03
1.145688e+03
7.314720e+02
7.236000e+02
6.453680e+02
5.199040e+02
4.101600e+02
4.835120e+02
7.496240e+02
5.960080e+02
7.946080e+02
9.738800e+02
1.212520e+03
9.667040e+02
1.270616e+03
1.256272e+03
1.326032e+03
1.406728e+03
8.420320e+02
8.008880e+02
1.008960e+03
1.053648e+03
1.034744e+03
9.385440e+02
1.116224e+03
1.037032e+03
1.260864e+03
1.434824e+03
1.102096e+03
1.183784e+03
1.081608e+03
8.365120e+02
8.551280e+02
9.046560e+02
9.962320e+02
1.107104e+03
1.155856e+03
1.230624e+03
1.298600e+03
1.265816e+03
1.055648e+03
1.061208e+03
1.201848e+03
1.314160e+03
1.348656e+03
1.247088e+03
3.725520e+02
3.770160e+02
3.839360e+02
4.141440e+02
4.247600e+02
5.128880e+02
2.781680e+02
2.696080e+02
2.737600e+02
2.830080e+02
2.844080e+02
2.817200e+02
2.508720e+02
3.466640e+02
1.278752e+03
1.372360e+03
1.445600e+03
1.439080e+03
1.410472e+03
1.340496e+03
1.117480e+03
1.025992e+03
8.623840e+02
7.687280e+02
1.104168e+03
8.428080e+02
1.391392e+03
1.759200e+03
1.046448e+03
1.161312e+03
9.553120e+02
7.796160e+02
5.374880e+02
9.034240e+02
1.462864e+03
2.241600e+03
2.112864e+03
1.479576e+03
9.896400e+02
2.927704e+03
1.428016e+03
1.109648e+03
9.985840e+02
7.287680e+02
7.254320e+02
7.394560e+02
7.744480e+02
7.444640e+02
6.950400e+02
7.622880e+02
5.240640e+02
6.208000e+02
6.291200e+02
1.205216e+03
8.036400e+02
7.516400e+02
8.151840e+02
9.924560e+02
1.257088e+03
1.284840e+03
1.170144e+03
1.119464e+03
1.261912e+03
1.204648e+03
1.356168e+03
1.349728e+03
1.436480e+03
1.206072e+03
1.361024e+03
1.643896e+03
1.653120e+03
1.204696e+03
1.778144e+03
1.219344e+03
1.254328e+03
1.576160e+03
1.809736e+03
8.994160e+02
7.397120e+02
4.689200e+02
5.559440e+02
8.476320e+02
7.341360e+02
5.829760e+02
6.450800e+02
6.421040e+02
6.209280e+02
5.059200e+02
6.516400e+02
1.060456e+03
7.252400e+02
5.034160e+02
9.871920e+02
1.359248e+03
9.091360e+02
7.880080e+02
9.680240e+02
8.504080e+02
5.909760e+02
7.361920e+02
5.206800e+02
6.210080e+02
5.650400e+02
4.806720e+02
6.161920e+02
8.648960e+02
4.530720e+02
4.573600e+02
1.226912e+03
9.944560e+02
9.535520e+02
1.090552e+03
7.658720e+02
1.029088e+03
8.668480e+02
9.309520e+02
8.429920e+02
8.082880e+02
8.253440e+02
7.696400e+02
8.670400e+02
8.371040e+02
8.088000e+02
9.499920e+02
1.032008e+03
1.016160e+03
1.249584e+03
1.125640e+03
1.542824e+03
1.567720e+03
8.991440e+02
7.962880e+02
2.569600e+02
3.911840e+02
3.360480e+02
2.914160e+02
2.890080e+02
7.094800e+02
1.279960e+03
1.620608e+03
5.263120e+02
4.433840e+02
3.631600e+02
8.398480e+02
8.520720e+02
1.042592e+03
9.868880e+02
1.116888e+03
8.256880e+02
3.153680e+02
3.876960e+02
4.384560e+02
4.365760e+02
4.714480e+02
5.143920e+02
4.771600e+02
1.019792e+03
1.081192e+03
5.481040e+02
1.117544e+03
6.572960e+02
6.528240e+02
4.602800e+02
3.395920e+02
3.693040e+02
3.540800e+02
2.896400e+02
2.605920e+02
2.840800e+02
4.207760e+02
7.532560e+02
8.438960e+02
8.528400e+02
8.520800e+02
4.574480e+02
6.023040e+02
2.862800e+02
3.475520e+02
8.072320e+02
8.694640e+02
8.247840e+02
7.488640e+02
4.794960e+02
6.401600e+02
3.423920e+02
4.001200e+02
2.914560e+02
4.466320e+02
3.635120e+02
4.056000e+02
5.769360e+02
6.025200e+02
8.353200e+02
7.387920e+02
5.757920e+02
2.443040e+02
2.266640e+02
4.173680e+02
4.063280e+02
5.943520e+02
5.572960e+02
5.883440e+02
6.506160e+02
5.348960e+02
8.149280e+02
1.188504e+03
1.068944e+03
6.993680e+02
8.321360e+02
9.251520e+02
7.473360e+02
6.543200e+02
6.956080e+02
8.086720e+02
3.953120e+02
5.342080e+02
5.155280e+02
4.599440e+02
5.279360e+02
6.537520e+02
5.920800e+02
3.202880e+02
6.436000e+02
5.955280e+02
8.279920e+02
9.136960e+02
7.042880e+02
1.096912e+03
1.025032e+03
1.018088e+03
9.444960e+02
7.408160e+02
5.210640e+02
4.123360e+02
8.444640e+02
1.029064e+03
6.913040e+02
5.410080e+02
6.532000e+02
5.933040e+02
6.361680e+02
6.287040e+02
5.443840e+02
4.141360e+02
4.394960e+02
5.467600e+02
4.145680e+02
3.933760e+02
5.018880e+02
6.982480e+02
5.179600e+02
3.837760e+02
4.434800e+02
5.244320e+02
5.979920e+02
4.873920e+02
3.935680e+02
2.853760e+02
3.291440e+02
4.108240e+02
3.977120e+02
2.364240e+02
3.506880e+02
5.203360e+02
5.821360e+02
