3.800800e+01
4.172000e+01
4.526400e+01
4.128000e+01
2.030800e+02
3.903040e+02
3.458240e+02
2.888800e+01
8.501600e+01
8.986400e+01
1.121520e+02
1.091840e+02
1.156960e+02
1.113440e+02
1.098560e+02
1.212560e+02
6.320000e+01
6.927200e+01
6.481600e+01
6.621600e+01
8.108000e+01
5.932000e+01
8.216800e+01
7.712800e+01
8.201600e+01
8.219200e+01
8.128000e+01
7.613600e+01
7.712800e+01
7.461600e+01
8.088000e+01
7.881600e+01
7.804800e+01
7.789600e+01
8.230400e+01
7.906400e+01
7.792000e+01
4.083120e+02
4.464480e+02
3.597040e+02
7.490800e+02
8.238320e+02
6.158240e+02
7.752000e+01
7.517600e+01
1.736400e+02
1.948800e+02
2.009520e+02
1.936400e+02
1.792800e+02
1.765440e+02
2.143920e+02
4.159520e+02
4.290240e+02
3.091920e+02
3.991200e+02
5.846720e+02
5.504160e+02
8.926000e+02
4.644560e+02
3.949600e+02
3.518880e+02
3.446880e+02
3.206720e+02
3.342320e+02
4.169680e+02
4.755040e+02
2.955120e+02
6.203600e+02
6.487760e+02
8.053120e+02
7.373280e+02
7.132560e+02
7.548880e+02
8.595440e+02
6.533760e+02
7.810720e+02
3.663200e+02
6.027280e+02
5.766320e+02
5.427040e+02
2.041680e+02
3.698880e+02
6.750880e+02
5.911760e+02
3.037120e+02
9.816800e+01
1.385040e+02
9.112800e+01
1.088000e+02
9.716000e+01
7.450400e+01
7.824800e+01
6.288240e+02
8.917120e+02
8.874080e+02
8.492080e+02
8.198160e+02
8.098640e+02
8.658080e+02
6.990080e+02
6.645040e+02
6.119760e+02
7.552080e+02
1.206128e+03
4.107280e+02
1.594960e+02
1.596000e+01
1.636800e+01
1.792000e+01
1.884800e+01
2.003200e+01
2.528800e+01
3.703200e+01
1.026640e+02
1.451120e+02
3.496800e+01
3.662400e+01
3.802400e+01
3.804000e+01
3.927200e+01
3.945600e+01
4.188800e+01
4.171200e+01
4.160800e+01
4.382400e+01
4.428800e+01
4.538400e+01
4.576000e+01
4.636000e+01
4.760000e+01
4.784800e+01
4.955200e+01
4.910400e+01
5.195200e+01
5.348000e+01
5.068800e+01
5.092000e+01
5.304800e+01
5.322400e+01
1.542480e+02
2.583360e+02
3.004240e+02
6.659920e+02
8.633360e+02
8.416880e+02
1.100432e+03
1.167008e+03
1.095128e+03
6.814160e+02
4.924640e+02
1.047648e+03
1.674312e+03
1.659232e+03
1.352408e+03
1.400312e+03
5.057360e+02
7.399440e+02
8.811680e+02
1.080384e+03
7.909120e+02
8.843520e+02
8.055440e+02
9.187920e+02
1.087920e+03
8.126640e+02
7.982640e+02
3.543600e+02
2.431760e+02
1.993840e+02
2.522320e+02
2.243840e+02
1.910720e+02
4.008560e+02
6.786720e+02
6.787120e+02
7.581840e+02
9.822560e+02
1.157400e+03
1.221832e+03
1.416512e+03
8.649760e+02
5.573520e+02
1.939392e+03
2.246592e+03
2.312752e+03
2.256136e+03
2.251448e+03
2256
1.966384e+03
1.823184e+03
1.757456e+03
1.504712e+03
9.245840e+02
1.347944e+03
1.517128e+03
1.581736e+03
7.469680e+02
5.744560e+02
3.270640e+02
3.739600e+02
3.664720e+02
447
4.954000e+02
4.723440e+02
4.363760e+02
2.794080e+02
3.493920e+02
2.938640e+02
2.949120e+02
4.881360e+02
4.256400e+02
6.441040e+02
1.293256e+03
1.399272e+03
1.350848e+03
9.976160e+02
8.683760e+02
7.685600e+02
4.562000e+02
4.793280e+02
5.101280e+02
5.664160e+02
6.610480e+02
7.430800e+02
8.367520e+02
7.107440e+02
7.121200e+02
7.907520e+02
8.396080e+02
9.001760e+02
9.679600e+02
6.929600e+02
7.278560e+02
6.117120e+02
1.903600e+02
2.912400e+02
3.171280e+02
8.305360e+02
5.563920e+02
5.282080e+02
6.874560e+02
9.153120e+02
5.591760e+02
7.340080e+02
8.151200e+02
4.595440e+02
4.392640e+02
5.165440e+02
7.189760e+02
8.003440e+02
5.493440e+02
8.580240e+02
5.438640e+02
1.029848e+03
1.000728e+03
1.007096e+03
6.731200e+02
5.547840e+02
4.340960e+02
8.031280e+02
5.120800e+02
7.820560e+02
4.075440e+02
4.014640e+02
3.920240e+02
3.602000e+02
3.366800e+02
2.080160e+02
1.583200e+02
1.593520e+02
1.588320e+02
1.647040e+02
1.684480e+02
1.635600e+02
1.672320e+02
1.659200e+02
4.575440e+02
3.167840e+02
5.174000e+02
4.675680e+02
4.702960e+02
4.748000e+02
5.028960e+02
5.307600e+02
5.157360e+02
3.575200e+02
2.458560e+02
2.196320e+02
1.569920e+02
2.745760e+02
2.260960e+02
6.907920e+02
7.131520e+02
7.359760e+02
8.230640e+02
7.582640e+02
6.292720e+02
6.531440e+02
9.106080e+02
922
8.686320e+02
9.170720e+02
1.103264e+03
1.183008e+03
9.584800e+02
9.951520e+02
4.583280e+02
8.163680e+02
1.467024e+03
1.446752e+03
1.359648e+03
1.290616e+03
1.790120e+03
1.697472e+03
1.779832e+03
2.029312e+03
2.295544e+03
2.181432e+03
2.384208e+03
2.517048e+03
2.594656e+03
2.721936e+03
2.715880e+03
1.972008e+03
6.892240e+02
6.680400e+02
1.046656e+03
6.340240e+02
9.654720e+02
5.726720e+02
1.575040e+02
4.136000e+02
6.190160e+02
6.697440e+02
3.260960e+03
2.812744e+03
2.311192e+03
9.570720e+02
5.134800e+02
6.006880e+02
7.677840e+02
8.598800e+02
8.278480e+02
8.345120e+02
8.011760e+02
6.044560e+02
2.992160e+02
4.153120e+02
4.894240e+02
5.274320e+02
4.587120e+02
4.720960e+02
4.944720e+02
6.152000e+02
8.457520e+02
1.037800e+03
1.257352e+03
1.204280e+03
1.022248e+03
8.247360e+02
3.231120e+02
3.353840e+02
3.450720e+02
3.457680e+02
3.664240e+02
3.668640e+02
3.610480e+02
3.773520e+02
3.766000e+02
8.796720e+02
1.844136e+03
1.755608e+03
2.072056e+03
2.029192e+03
1.998040e+03
1.912272e+03
1.882416e+03
1.816736e+03
1.523856e+03
1.539344e+03
1.550104e+03
2.053008e+03
1.671208e+03
1.385880e+03
1.144512e+03
1.102072e+03
7.482080e+02
6.630640e+02
9.919760e+02
7.496960e+02
1.033920e+03
8.147760e+02
5.569760e+02
4.255280e+02
1.023024e+03
1.263480e+03
1.172848e+03
7.128240e+02
4.678880e+02
4.573200e+02
1.512992e+03
1.293312e+03
1.402712e+03
1.325056e+03
1.553944e+03
1.547560e+03
1.697408e+03
1.657632e+03
1.537848e+03
1.669024e+03
1.723912e+03
1.639720e+03
1.577920e+03
1.703232e+03
1.692888e+03
1.717592e+03
1.794048e+03
1.302064e+03
7.350960e+02
5.659680e+02
4.084480e+02
4.708000e+02
1.442976e+03
1.621752e+03
1.599824e+03
1.579336e+03
1.675680e+03
1.938248e+03
2.252408e+03
2.317152e+03
2.355816e+03
2.486048e+03
2.063992e+03
1.940072e+03
1.670664e+03
1.586424e+03
1.587272e+03
1.350816e+03
1.298848e+03
1.306624e+03
1.293328e+03
1.331808e+03
1.367952e+03
1.292272e+03
1.323480e+03
1.225336e+03
1.293216e+03
1.540376e+03
1.237680e+03
1.263072e+03
1.356128e+03
1.019160e+03
5.648720e+02
5.665600e+02
5.729680e+02
6.173200e+02
7.918000e+02
9.630480e+02
1.355664e+03
1.364992e+03
1.344904e+03
1.332864e+03
1.255952e+03
1.677624e+03
1.004696e+03
1.514624e+03
1.461688e+03
1.656136e+03
1.911672e+03
1.425240e+03
1.390912e+03
1.326336e+03
1.678712e+03
1.648248e+03
7.336160e+02
9.242160e+02
1.471552e+03
1.399632e+03
1.130160e+03
1.085936e+03
1.342112e+03
9.462400e+02
4.412960e+02
8.321520e+02
7.702160e+02
7.464480e+02
5.478800e+02
6.268000e+02
5.911840e+02
5.975520e+02
1.061504e+03
1.525744e+03
1.432976e+03
1.016568e+03
1.337528e+03
1.297256e+03
1.194776e+03
1.207840e+03
1.160104e+03
1.074320e+03
8.705280e+02
8.471200e+02
1.000984e+03
1.381048e+03
1.347920e+03
1.037616e+03
7.478080e+02
3.270320e+02
1.299744e+03
1.989728e+03
1.017640e+03
1.883512e+03
1.692984e+03
1.035768e+03
1.062392e+03
1.639400e+03
1.664568e+03
1.751856e+03
1.869432e+03
1.881128e+03
7.556560e+02
7.904720e+02
7.625120e+02
8.048640e+02
7.606400e+02
8.787040e+02
1.733552e+03
1.998304e+03
1.587960e+03
1.297696e+03
1.823216e+03
1.813504e+03
1.880616e+03
1.966008e+03
1.996768e+03
9.070080e+02
8.550880e+02
9.471440e+02
9.028560e+02
1.028784e+03
2.697992e+03
3.349832e+03
3.233144e+03
3.117088e+03
2.807560e+03
2.987976e+03
3.243944e+03
1.626024e+03
1.103656e+03
8.379120e+02
6.372560e+02
1.277024e+03
1.861424e+03
1.832520e+03
1.867432e+03
1.736064e+03
1.837224e+03
1.645640e+03
1.947368e+03
1.865632e+03
1.458560e+02
1.354512e+03
2.150608e+03
1.360824e+03
1.036896e+03
1.477176e+03
1.529160e+03
1.608576e+03
1.584352e+03
1.750680e+03
1.916328e+03
1937
1.995264e+03
1.028496e+03
7.741440e+02
7.820720e+02
7.243120e+02
7.663360e+02
7.677200e+02
7.699840e+02
6.277120e+02
4.271600e+02
3.588320e+02
3.396000e+02
2.560240e+02
3.813280e+02
2.295600e+02
3.053680e+02
4.402320e+02
4.125680e+02
2.283120e+02
6.580320e+02
6.496000e+02
2.926320e+02
1.981280e+02
3.351200e+02
5.829520e+02
5.524640e+02
5.168640e+02
3.184560e+02
3.246320e+02
2.887200e+02
2.923440e+02
2.766800e+02
8.954640e+02
1.417040e+03
1.342672e+03
9.250480e+02
9.397680e+02
9.564720e+02
1.051336e+03
1.166400e+03
6.193920e+02
3.426400e+02
3.732320e+02
2.968320e+02
3.047120e+02
3.483920e+02
6.890720e+02
2.434696e+03
2.347064e+03
1.763896e+03
7.141680e+02
6.837440e+02
6.817760e+02
9.016320e+02
6.099360e+02
3.662240e+02
1.126424e+03
9.305520e+02
1.100616e+03
2.078480e+03
2.619416e+03
1.928488e+03
8.407920e+02
1.165240e+03
6.002640e+02
1.041496e+03
1.755760e+02
5.234400e+02
3.430240e+02
5.936800e+02
8.598320e+02
8.118240e+02
7.304800e+02
7.260560e+02
5.627120e+02
6.206640e+02
6.542480e+02
1.014336e+03
9.895520e+02
6.845360e+02
6.663040e+02
2.429120e+02
300
6.193920e+02
3.422720e+02
2.980400e+02
1.037104e+03
3.105592e+03
2.380096e+03
1.890592e+03
2.033016e+03
1.941832e+03
8.171360e+02
7.672800e+02
9.225360e+02
8.651120e+02
9.979040e+02
1.137096e+03
1.114464e+03
1.121808e+03
1.111592e+03
1.085088e+03
1.199072e+03
1.173480e+03
9.488720e+02
1.002944e+03
8.975680e+02
6.804800e+02
3.647680e+02
1.545040e+02
1.907600e+02
1.976800e+02
2.645040e+02
2.364400e+02
2.841920e+02
2.601360e+02
3.351440e+02
7.003440e+02
4.687040e+02
1.767840e+02
1.586800e+02
2.241920e+02
4.398240e+02
4.071520e+02
5.152880e+02
7.402720e+02
8.709760e+02
5.951120e+02
4.633040e+02
4.370480e+02
2.970400e+02
4.293120e+02
6.727440e+02
4.623120e+02
3.454480e+02
4.023600e+02
3.276160e+02
1.476880e+02
2.208920e+03
2.239392e+03
1.867304e+03
9.699520e+02
2.123368e+03
1.873080e+03
9.671840e+02
1.167368e+03
1.600824e+03
1.537160e+03
1.193984e+03
5.771120e+02
6.712160e+02
1.127848e+03
4.667520e+02
8.820720e+02
1.529048e+03
1.704568e+03
1.597152e+03
9.200320e+02
5.188320e+02
2.438640e+02
1.103280e+02
5.653600e+01
6.163200e+01
6.490400e+01
1.974240e+02
1.134720e+03
1.445200e+02
1.473760e+02
1.705840e+02
1.087120e+02
8.087200e+01
1.332880e+02
2.257760e+02
2.256320e+02
1.493680e+02
9.673600e+01
1.891656e+03
2.035104e+03
1.586672e+03
9.521600e+02
1.094800e+03
8.531200e+02
6.195440e+02
6.022000e+02
6.717760e+02
7.059360e+02
6.833920e+02
5.483280e+02
4.400640e+02
5.208720e+02
5.664240e+02
3.837920e+02
3.044320e+02
5.416080e+02
4.995120e+02
3.427520e+02
3.501760e+02
4.366080e+02
4.495760e+02
4.689120e+02
4.619600e+02
4.673360e+02
5.420880e+02
5.914800e+02
5.998480e+02
6.404640e+02
6.421680e+02
6.822880e+02
5.986320e+02
6.661120e+02
5.553440e+02
5.411040e+02
6.127280e+02
6.412800e+02
2.375200e+02
2.322080e+02
2.553920e+02
3.853360e+02
3.990320e+02
4.023200e+02
2.978320e+02
3.082160e+02
3.277440e+02
2.679520e+02
3.235760e+02
2.917200e+02
2.347840e+02
2.209680e+02
5.357600e+02
3.472880e+02
3.460320e+02
3.219600e+02
2.836080e+02
2.255200e+02
2.821280e+02
2.482880e+02
2.895360e+02
3.223440e+02
1.931200e+02
2.528880e+02
4.940080e+02
4.450320e+02
4.234080e+02
4.956720e+02
3.782160e+02
1.466640e+02
1.367040e+02
1.212080e+02
1.510880e+02
1.294800e+02
1.282560e+02
2.251360e+02
2.496560e+02
3.517840e+02
3.466160e+02
3.412640e+02
3.285520e+02
3.273520e+02
3.807600e+02
4.852960e+02
3.669360e+02
1.491200e+03
2.014144e+03
7.660480e+02
7.168560e+02
7.157200e+02
4.852960e+02
4.071680e+02
4.151360e+02
3.677440e+02
4.088560e+02
5.510880e+02
5.117600e+02
3.659280e+02
4.289040e+02
4.659520e+02
5.442240e+02
5.443040e+02
8.262160e+02
1.049792e+03
7.899280e+02
7.056640e+02
5.703920e+02
4.651200e+02
4.484240e+02
3.627840e+02
4.128800e+02
3.801440e+02
3.660320e+02
3.684640e+02
3.931440e+02
3.557440e+02
3.088160e+02
3.180400e+02
2.916560e+02
2.778880e+02
3.416960e+02
3.406720e+02
3.584960e+02
3.424000e+02
3.233280e+02
2.905200e+02
3.678000e+02
396
4.144880e+02
3.698160e+02
3.172720e+02
3.816720e+02
4.547840e+02
4.282720e+02
2.631120e+02
2.800480e+02
9.163600e+02
1.095352e+03
9.131440e+02
7.405680e+02
3.848560e+02
2.105760e+02
1.945040e+02
1.771840e+02
1.782080e+02
4.715840e+02
5.426720e+02
5.245120e+02
5.056000e+02
5.204240e+02
5.874480e+02
7.230720e+02
9.594880e+02
9.626320e+02
8.719680e+02
7.786800e+02
9.981280e+02
5.671120e+02
5.219680e+02
8.871520e+02
8.230880e+02
9.199680e+02
8.721840e+02
8.093840e+02
2.752800e+02
3.655440e+02
3.214560e+02
5.742960e+02
5.487920e+02
4.169840e+02
3.091440e+02
3.390800e+02
3.251440e+02
3.287920e+02
3.178000e+02
4.207040e+02
3.437920e+02
3.759280e+02
1.553920e+02
1.931120e+02
1.967520e+02
2.721360e+02
1.085040e+02
8.792000e+01
1.095120e+02
2.097840e+02
2.466880e+02
3.233120e+02
2.531840e+02
2.297120e+02
2.195920e+02
1.623520e+02
4.320000e+01
3.656000e+01
5.308800e+01
9.861600e+01
8.616000e+01
8.168000e+01
8.351200e+01
1.024080e+02
1.786000e+02
1.356080e+02
4.034720e+02
2.631920e+02
4.139280e+02
5.095760e+02
5.799840e+02
6.492720e+02
6.648960e+02
4.557680e+02
4.653360e+02
4.851680e+02
3.919520e+02
6.079120e+02
5.496720e+02
4.214480e+02
3.024480e+02
8.087840e+02
6.978880e+02
5.250160e+02
4.242560e+02
6.069360e+02
5.132560e+02
4.882640e+02
3.894160e+02
5.024560e+02
4.289120e+02
2.853840e+02
3.679760e+02
4.958320e+02
5.796960e+02
4.967040e+02
5.350320e+02
4.842320e+02
5.415760e+02
4.475760e+02
382
4.781440e+02
5.309200e+02
5.684320e+02
4.272160e+02
4.626160e+02
3.194000e+02
4.043760e+02
511
4.197360e+02
4.744560e+02
4.689440e+02
4.362240e+02
2.888080e+02
2.114640e+02
2.283440e+02
3.893520e+02
5.304160e+02
4.412800e+02
3.635200e+02
4.469040e+02
3.229680e+02
2.806000e+02
1.848320e+02
2.720480e+02
5.310560e+02
5.953200e+02
5.374400e+02
6.998160e+02
6.472880e+02
4.317040e+02
4.701840e+02
4.503600e+02
4.387440e+02
5.976320e+02
6.996720e+02
5.249680e+02
3.198400e+02
2.067680e+02
1.950080e+02
2.463440e+02
5.256560e+02
3.702160e+02
3.526240e+02
3.677440e+02
3.679040e+02
2.108080e+02
2.889280e+02
5.614080e+02
4.053600e+02
1.902560e+02
1.004856e+03
1.088864e+03
1.044416e+03
1.089192e+03
1.011072e+03
1.083072e+03
5.374320e+02
6.848400e+02
8.452720e+02
4.171440e+02
2.827360e+02
4.281760e+02
2.844880e+02
2.364240e+02
2.054240e+02
1.929680e+02
1.786560e+02
1.763920e+02
4.947600e+02
6.076800e+02
5.235680e+02
4.931120e+02
6.170800e+02
5.512000e+02
501
4.156080e+02
3.206000e+02
3.503600e+02
5.083600e+02
5.327680e+02
5.462000e+02
5.226880e+02
5.075520e+02
5.407200e+02
5.612400e+02
6.172480e+02
5.984800e+02
6.385040e+02
9.988880e+02
1.112304e+03
6.561440e+02
6.264080e+02
4.163280e+02
3.436960e+02
4.332160e+02
4.166960e+02
4.603440e+02
5.785600e+02
3.711280e+02
4.445920e+02
2.968560e+02
3.364880e+02
3.702560e+02
5.514720e+02
5.686400e+02
4.605840e+02
5.129920e+02
4.531200e+02
3.793040e+02
5.256080e+02
6.825360e+02
5.799920e+02
6.091520e+02
6.447760e+02
4.281600e+02
2.278080e+02
2.959440e+02
2.934960e+02
5.972800e+02
5.494800e+02
6.739920e+02
8.384240e+02
6.479200e+02
5.740720e+02
5.827440e+02
1067
1.024424e+03
9.364080e+02
1.013008e+03
1.105432e+03
9.616000e+02
9.004640e+02
8.494720e+02
8.266160e+02
6.405360e+02
2.987440e+02
1.841920e+02
1.801280e+02
1.792640e+02
3.541520e+02
8.503760e+02
8.803200e+02
1.396920e+03
1.315888e+03
1.253256e+03
4.085280e+02
5.052960e+02
8.196640e+02
9.580400e+02
6.920480e+02
5.344400e+02
8.567040e+02
8.990400e+02
5.497120e+02
1.066808e+03
1.232080e+03
1.350648e+03
6.766560e+02
3.866000e+02
4.017280e+02
3.267120e+02
2.254880e+02
3.294000e+02
2.618480e+02
2.754320e+02
2.497680e+02
7.813440e+02
7.515840e+02
3.303760e+02
2.252800e+02
2.758720e+02
4.826240e+02
9.302480e+02
7.941840e+02
6.839280e+02
4.466400e+02
2.211680e+02
1.420400e+02
3.864080e+02
5.584400e+02
7.058240e+02
5.155120e+02
6.519440e+02
6.077360e+02
5.892160e+02
3.288320e+02
2.589600e+02
1.723680e+02
1.510400e+02
1.618720e+02
2.040640e+02
2.419360e+02
2.711040e+02
2.599360e+02
2.534400e+02
2.714000e+02
2.411680e+02
2.799520e+02
2.006480e+02
3.751600e+02
3.978960e+02
3.681680e+02
3.505120e+02
1.883760e+02
1.111360e+02
2.695920e+02
3.754640e+02
4.931200e+02
7.949040e+02
5.647280e+02
9.936800e+01
2.091520e+02
2.566400e+02
2.167680e+02
2.088000e+02
2.342960e+02
1.834000e+02
1.462080e+02
1.485360e+02
1.210880e+02
1.057440e+02
9.936800e+01
9.769600e+01
2.533280e+02
2.958400e+02
2.936240e+02
2.438560e+02
9.920800e+01
3.635760e+02
3.969120e+02
4.773680e+02
4.793680e+02
3.269360e+02
2.001840e+02
1.449040e+02
1.523840e+02
2.459520e+02
2.089760e+02
1.594080e+02
1.262400e+02
1.478320e+02
1.330240e+02
1.784640e+02
2.029360e+02
5.226480e+02
5.918800e+02
4.488880e+02
1.036224e+03
1.305224e+03
1.242800e+03
5.234400e+02
1.115864e+03
1.124960e+03
1.038200e+03
8.503040e+02
5.158240e+02
3.160720e+02
4.401280e+02
4.440400e+02
2.909440e+02
276
2.736880e+02
3.108560e+02
7.050720e+02
6.586800e+02
4.267440e+02
7.713760e+02
6.791840e+02
4.893520e+02
4.919440e+02
5.847840e+02
6.532880e+02
5.942800e+02
4.707200e+02
3.994240e+02
3.222720e+02
3.170160e+02
3.135280e+02
3.792320e+02
4.589360e+02
4.496960e+02
3.591360e+02
4.861600e+02
4.923680e+02
4.514080e+02
3.441120e+02
3.169040e+02
2.895680e+02
2.605520e+02
2.650640e+02
2.440480e+02
2.624160e+02
2.157120e+02
2.888160e+02
4.830560e+02
9.101360e+02
1145
9.688000e+02
5.468080e+02
3.287440e+02
3.007680e+02
3.226880e+02
3.549440e+02
3.226560e+02
1.703760e+02
1.899280e+02
2.644000e+02
3.117600e+02
3.962880e+02
4.253280e+02
7.769120e+02
8.263200e+02
9.395120e+02
9.309680e+02
7.876960e+02
5.822640e+02
1.051904e+03
6.279200e+02
8.059040e+02
7.225360e+02
5.972080e+02
6.152880e+02
5.310400e+02
5.929360e+02
5.185040e+02
6.861200e+02
6.547600e+02
9.048320e+02
8.871840e+02
8.611600e+02
7.141600e+02
6.360560e+02
6.402560e+02
7.436000e+02
9.686000e+02
6.745280e+02
4.390640e+02
5.627360e+02
5.125120e+02
5.193360e+02
5.826000e+02
6.340720e+02
6.289040e+02
6.111440e+02
6.489120e+02
6.446080e+02
6.362320e+02
7.299280e+02
8.309760e+02
6.273840e+02
4.914800e+02
5.834560e+02
5.576960e+02
5.775120e+02
3.720400e+02
4.372160e+02
4.834560e+02
4.022640e+02
6.179840e+02
2.158640e+02
6.666000e+02
7.376640e+02
4.624720e+02
4.188720e+02
4.003440e+02
4.052400e+02
3.493920e+02
3.174640e+02
6.693600e+02
1.525632e+03
1.949560e+03
1.583112e+03
1.110328e+03
8.281840e+02
7.557840e+02
1.957760e+02
8.592080e+02
2.326128e+03
2.888544e+03
2.520872e+03
4.939920e+02
6.220560e+02
6.132160e+02
6.733920e+02
6.403680e+02
5.682480e+02
5.328640e+02
6.089520e+02
9.532640e+02
1.070136e+03
1.097944e+03
8.690800e+02
6.040880e+02
4.984960e+02
3.794160e+02
2.659040e+02
3.013760e+02
3.533920e+02
5.178400e+02
7.063040e+02
6.638480e+02
4.088480e+02
3.137760e+02
7.079840e+02
1.410320e+03
1.248648e+03
1.349200e+03
1.120208e+03
8.204800e+02
1.017576e+03
1.403856e+03
1.435840e+03
1.708992e+03
1.467144e+03
1.300864e+03
9.949600e+02
9.439440e+02
9.218720e+02
6.990480e+02
6.713120e+02
7.997760e+02
1.256960e+03
1.033320e+03
1.272768e+03
1.445432e+03
1.660104e+03
1.670032e+03
1.298544e+03
1.364488e+03
1.149144e+03
8.016560e+02
6.689200e+02
5.984240e+02
1.019080e+03
1.163480e+03
1.078424e+03
6.917040e+02
6.538560e+02
6.322160e+02
5.535760e+02
2.018720e+02
3.347120e+02
6.685680e+02
5.653360e+02
2.779600e+02
2.235440e+02
3.084560e+02
8.956960e+02
1.289376e+03
9.642080e+02
8.598960e+02
7.514960e+02
6.963360e+02
6.529920e+02
6.300080e+02
6.609040e+02
7.629680e+02
8.225760e+02
6.527680e+02
6.944720e+02
7.907600e+02
7.022800e+02
7.344240e+02
7.576080e+02
8.844160e+02
9.633600e+02
1.041040e+03
1.085952e+03
8.218720e+02
5.369120e+02
6.016800e+02
7.777600e+02
5.338320e+02
7.162880e+02
4.614640e+02
4.570800e+02
6.868720e+02
9.017520e+02
7.545920e+02
6.296640e+02
6.502320e+02
6.721760e+02
6.470080e+02
7.559200e+02
7.026640e+02
9.086320e+02
2.681920e+02
4.443360e+02
1.029608e+03
1.793120e+02
5.063760e+02
1.010864e+03
6.851760e+02
5.479440e+02
5.354080e+02
4.501680e+02
7.827920e+02
1.016480e+03
8.965520e+02
9.984240e+02
9.780080e+02
4.652800e+02
5.391680e+02
4.434160e+02
4.205120e+02
4.365520e+02
5.343920e+02
1.275848e+03
8.999680e+02
8.755600e+02
7.890080e+02
6.969840e+02
6.806000e+02
6.184560e+02
7.364000e+02
6.578320e+02
7.901840e+02
8.739120e+02
9.987680e+02
1.142352e+03
1.030832e+03
9.203040e+02
8.675520e+02
8.004160e+02
6.699360e+02
6.196960e+02
7.354640e+02
6.992960e+02
8.349520e+02
8.657040e+02
1.014848e+03
1.105144e+03
9.283040e+02
8.582000e+02
9.849680e+02
9.662160e+02
1.004888e+03
8.062480e+02
6.111840e+02
6.297360e+02
5.816960e+02
6.942160e+02
5.505840e+02
4.713360e+02
4.720880e+02
5.385360e+02
7.812720e+02
1.018248e+03
7.954720e+02
6.481280e+02
4.927760e+02
5.475920e+02
3.808240e+02
3.969440e+02
5.334480e+02
5.907360e+02
4.254000e+02
3.375440e+02
3.149200e+02
3.720960e+02
4.775600e+02
554
2.856560e+02
4.171120e+02
5.606880e+02
4.665120e+02
4.726800e+02
6.139040e+02
5.857280e+02
7.714240e+02
7.976800e+02
8.946400e+02
8.178640e+02
9.034160e+02
7.394160e+02
5.338960e+02
5.629440e+02
7.181360e+02
6.274320e+02
4.196000e+02
4.923040e+02
4.996640e+02
2.795280e+02
8.868320e+02
1.117224e+03
8.912640e+02
1.780776e+03
1.048336e+03
6.848400e+02
3.988560e+02
4.305360e+02
9.371440e+02
6.456320e+02
3.508720e+02
4.449920e+02
1.142616e+03
1.415704e+03
2.979520e+02
2.822720e+02
2.393520e+02
3.091520e+02
3.980800e+02
5.153680e+02
6.058400e+02
8.716640e+02
7.741680e+02
4.898720e+02
4.982400e+02
3.800080e+02
5.579440e+02
8.714880e+02
1.500240e+03
1.787760e+02
4.640800e+02
6.546320e+02
8.049040e+02
7.668880e+02
7.098720e+02
6.229520e+02
6.136160e+02
4.560880e+02
4.127120e+02
4.206880e+02
5.548240e+02
9.842480e+02
2.499584e+03
8.279280e+02
1.388160e+02
1.533920e+02
3.887600e+02
3.895600e+02
2.752880e+02
5.631280e+02
9.052640e+02
9.681680e+02
8.539200e+02
8.290400e+02
1.112744e+03
9.277680e+02
1.049240e+03
9.289920e+02
8.638960e+02
7.937600e+02
6.110400e+02
5.259920e+02
6.816480e+02
7.503680e+02
1.004872e+03
8.862480e+02
6.459200e+02
6.022320e+02
7.512800e+02
1.024888e+03
1.096112e+03
1.207296e+03
1.081648e+03
9.103760e+02
2.938560e+02
5.699520e+02
5.884640e+02
6.336960e+02
6.508400e+02
6.257440e+02
6.182640e+02
5.958000e+02
3.936160e+02
1.678400e+02
2.033520e+02
3.306880e+02
2.327040e+02
1.299600e+02
1.460240e+02
1.796960e+02
1.637280e+02
3.335840e+02
3.017680e+02
3.799200e+02
2.555840e+02
2.901040e+02
3.343360e+02
3.425760e+02
1.792880e+02
1.964720e+02
2.887600e+02
2.793520e+02
3.302000e+02
4.227440e+02
4.214720e+02
4.300240e+02
4.543200e+02
3.926480e+02
4.188240e+02
3.391280e+02
2.783440e+02
2.891440e+02
2.809040e+02
2.164720e+02
2.331600e+02
2.397120e+02
3.770400e+02
3.832000e+02
3.859280e+02
3.178240e+02
1.941840e+02
2.817280e+02
2.476800e+02
2.014960e+02
2.525600e+02
2.274800e+02
2.902400e+02
2.379840e+02
3.472720e+02
2.682080e+02
2.341920e+02
2.400720e+02
2.545280e+02
2.173840e+02
1.094000e+02
1.998400e+02
2.482480e+02
2.089440e+02
5.064400e+02
1.157384e+03
9.687040e+02
7.023440e+02
9.343680e+02
1.209824e+03
1.407904e+03
1.585800e+03
1.284504e+03
9.041520e+02
1.027736e+03
1.163392e+03
1.297808e+03
1.432240e+03
1.260344e+03
1.144680e+03
1.173320e+03
1.275816e+03
1.140200e+03
1.171448e+03
1.375144e+03
1.422336e+03
1.471232e+03
1.702048e+03
1.588112e+03
1.375928e+03
1.305200e+03
1.545296e+03
1.378600e+03
1.281184e+03
1.024032e+03
1.018080e+03
1.056448e+03
1.150032e+03
1.127480e+03
1.217184e+03
1.133976e+03
1.365456e+03
1.404184e+03
1.298208e+03
1.539912e+03
1.422232e+03
1.226912e+03
1.262168e+03
9.124080e+02
1.026368e+03
1.009688e+03
1.098128e+03
1.195976e+03
1.524712e+03
1.363792e+03
1.059256e+03
9.170640e+02
8.531760e+02
8.926240e+02
1.083800e+03
9.337280e+02
7.861600e+02
6.971840e+02
7.194800e+02
8.422880e+02
8.699920e+02
7.760160e+02
6.973360e+02
4.543440e+02
4.434720e+02
3.921600e+02
3.165280e+02
2.484400e+02
2.913040e+02
4.704640e+02
3.572000e+02
4.764400e+02
5.735920e+02
7.325200e+02
5.771840e+02
7.370240e+02
7.232400e+02
7.711040e+02
8.373680e+02
5.042880e+02
4.684160e+02
5.960240e+02
6.355920e+02
6.355120e+02
5.811520e+02
6.928800e+02
6.427840e+02
7.932240e+02
9.056800e+02
6.712640e+02
7.228640e+02
6.487600e+02
4.866480e+02
4.884560e+02
5.231280e+02
5.716080e+02
6.438880e+02
6.687040e+02
7.100080e+02
7.616480e+02
7.410880e+02
6.217600e+02
6.291120e+02
7.082480e+02
7.843840e+02
8.003760e+02
7.357440e+02
1.966800e+02
2.053120e+02
2.146720e+02
2.356640e+02
2.359200e+02
2.992880e+02
1.590080e+02
1.553120e+02
1.559360e+02
1.610800e+02
1.636640e+02
1.622240e+02
1.449840e+02
1.968480e+02
7.692000e+02
7.929200e+02
8.522480e+02
8.843760e+02
8.847520e+02
8.391840e+02
6.827520e+02
6.260800e+02
5.431280e+02
4.483360e+02
6.587840e+02
4.943920e+02
8.192960e+02
1.068216e+03
6.257840e+02
6.855680e+02
5.626800e+02
4.624880e+02
3.227360e+02
5.621840e+02
9.198800e+02
1.383080e+03
1.290168e+03
8.781440e+02
5.540800e+02
1.883544e+03
8.583440e+02
6.214960e+02
5.815920e+02
4.088240e+02
4.142000e+02
4.229040e+02
4.484160e+02
4.287760e+02
3.972000e+02
4.340560e+02
2.917680e+02
3.539200e+02
3.591280e+02
7.355520e+02
4.435920e+02
4.190880e+02
4.368480e+02
5.638400e+02
7.094160e+02
7.438480e+02
6.652080e+02
6.413680e+02
7.292160e+02
6.705520e+02
7.724320e+02
7.686080e+02
8.460640e+02
7.233600e+02
8.176800e+02
9.962640e+02
1.040200e+03
7.504720e+02
1.122720e+03
6.831200e+02
7.204880e+02
9.308800e+02
1.130768e+03
5.237040e+02
4.453440e+02
2.810080e+02
3.435920e+02
5.181920e+02
3.930960e+02
3.044960e+02
3.333280e+02
3.611680e+02
3.822000e+02
3.131280e+02
3.941760e+02
6.848400e+02
4.487920e+02
3.130400e+02
6.175920e+02
8.208560e+02
5.366320e+02
4.887280e+02
6.184480e+02
5.324000e+02
3.662960e+02
4.689680e+02
3.011280e+02
3.748640e+02
3.609280e+02
2.969840e+02
3.910800e+02
5.471760e+02
2.817280e+02
2.711360e+02
7.671040e+02
6.153120e+02
5.863680e+02
6.939360e+02
4.490880e+02
6.153440e+02
5.067840e+02
5.451200e+02
4.944560e+02
4.722400e+02
4.884160e+02
4.513760e+02
4.997040e+02
4.111280e+02
4.027760e+02
5.271280e+02
5.879280e+02
5.868480e+02
7.547840e+02
6.762160e+02
8.292400e+02
8.327840e+02
5.366000e+02
4.600800e+02
1.470320e+02
2.343600e+02
2.021600e+02
1.691040e+02
1.754160e+02
4.292800e+02
7.844720e+02
9.993920e+02
3.124480e+02
2.682320e+02
2.161440e+02
4.702720e+02
4.837440e+02
6.294160e+02
6.243920e+02
7.124160e+02
5.004240e+02
1.834720e+02
2.182480e+02
2.325440e+02
2.335600e+02
2.534800e+02
2.746000e+02
2.564400e+02
6.023280e+02
6.789600e+02
3.265440e+02
6.959360e+02
3.600480e+02
3.494320e+02
2.374000e+02
1.937840e+02
2.262880e+02
2.180080e+02
1.750160e+02
1.524240e+02
1.682960e+02
2.533360e+02
4.640560e+02
5.286560e+02
5.277520e+02
5.311040e+02
2.830080e+02
3.657520e+02
1.655360e+02
2.034560e+02
4.988240e+02
5.294080e+02
5.004640e+02
4.714560e+02
2.882320e+02
3.981440e+02
2.099840e+02
2.440880e+02
1.735040e+02
2.702640e+02
2.173120e+02
2.480400e+02
3.456800e+02
3.715520e+02
5.148320e+02
4.438720e+02
3.412160e+02
1.431680e+02
1.337680e+02
2.500400e+02
2.459040e+02
3.675600e+02
3.377760e+02
3.586560e+02
4.007040e+02
3.308080e+02
5.278800e+02
7.631600e+02
6.982080e+02
4.462560e+02
5.342000e+02
5.850160e+02
4.788400e+02
4.118240e+02
4.401040e+02
5.103520e+02
2.457520e+02
3.299360e+02
3.199520e+02
2.817760e+02
3.255520e+02
4.030640e+02
3.641520e+02
1.954080e+02
3.919120e+02
3.671680e+02
5.331040e+02
5.932240e+02
4.519840e+02
6.959360e+02
6.480240e+02
6.504320e+02
6.050880e+02
4.698960e+02
3.221920e+02
2.504080e+02
5.383680e+02
6.626400e+02
4.363040e+02
3.455920e+02
4.047440e+02
3.683840e+02
4.032960e+02
3.896400e+02
3.419440e+02
2.527840e+02
2.650960e+02
3.357520e+02
2.559600e+02
2.381520e+02
3.067760e+02
4.305680e+02
3.174320e+02
2.359840e+02
2.702800e+02
3.297040e+02
3.745840e+02
303
2.427040e+02
1.754720e+02
2.092720e+02
2.602560e+02
2.485680e+02
1.490960e+02
2.185120e+02
3.286240e+02
3.617200e+02
