3.123200e+01
3.722400e+01
4.008800e+01
3.029600e+01
9.244000e+01
1.676800e+02
1.509280e+02
1.666400e+01
5.131200e+01
5.304800e+01
6.578400e+01
6.492000e+01
6.827200e+01
6.566400e+01
6.449600e+01
7.362400e+01
3.704000e+01
4.417600e+01
4.341600e+01
4.361600e+01
4.794400e+01
3.939200e+01
5.070400e+01
4.853600e+01
5.156800e+01
5.154400e+01
5.105600e+01
4.797600e+01
4.799200e+01
4.688800e+01
5.147200e+01
4.882400e+01
4.932800e+01
4.944800e+01
5.054400e+01
4.922400e+01
4.812000e+01
2.033840e+02
1.952720e+02
1.517360e+02
3.399920e+02
3.761360e+02
2.768400e+02
3.586400e+01
3.021600e+01
7.340000e+01
8.639200e+01
8.842400e+01
8.475200e+01
7.791200e+01
7.616800e+01
9.215200e+01
1.772240e+02
1.745520e+02
1.202480e+02
1.556000e+02
2.450640e+02
2.313040e+02
3.134960e+02
1.988240e+02
1.717440e+02
1.667120e+02
1.636640e+02
1.605920e+02
1.550480e+02
1.665920e+02
1.652560e+02
1.246560e+02
2.339520e+02
2.474080e+02
3.289200e+02
2.957360e+02
2.893200e+02
3.056400e+02
3.504640e+02
2.607840e+02
3.110400e+02
1.775040e+02
2.716800e+02
2.319520e+02
2.361520e+02
9.972000e+01
1.679360e+02
2.812720e+02
2.445200e+02
1.309840e+02
4.648000e+01
6.282400e+01
4.166400e+01
5.079200e+01
4.370400e+01
3.777600e+01
3.880000e+01
2.513520e+02
3.504560e+02
3.582800e+02
3.396720e+02
3.314880e+02
3.348000e+02
3.528720e+02
2.889440e+02
2.938000e+02
2.755120e+02
3.124320e+02
5.177040e+02
1.769520e+02
7.562400e+01
1.286400e+01
1.324000e+01
1.336800e+01
1.404000e+01
1.424000e+01
1.707200e+01
2.128800e+01
5.627200e+01
8.625600e+01
2.331200e+01
2.418400e+01
2.489600e+01
2.575200e+01
2.549600e+01
2.597600e+01
2.750400e+01
2.720800e+01
2.707200e+01
2.772800e+01
2.803200e+01
2.934400e+01
2.872800e+01
2.975200e+01
3.038400e+01
3.114400e+01
3.150400e+01
3.162400e+01
3.232000e+01
3.358400e+01
3.247200e+01
3.185600e+01
3.298400e+01
3.240800e+01
79
1.331280e+02
1.425200e+02
3.131600e+02
4.148880e+02
3.907680e+02
5.077600e+02
5.366160e+02
4.970720e+02
2.881680e+02
2.161200e+02
5.015840e+02
8.382800e+02
7.538640e+02
6.328960e+02
6.690720e+02
2.216640e+02
3.074720e+02
3.699200e+02
4.980160e+02
3.382160e+02
3.599280e+02
321
3.810800e+02
4.587600e+02
3.404160e+02
3.199280e+02
1.452320e+02
1.053440e+02
8.852000e+01
1.146800e+02
1.040240e+02
8.110400e+01
1.681040e+02
2.935360e+02
3.042240e+02
3.282400e+02
3.941040e+02
4.629120e+02
4.850320e+02
5.724960e+02
3.690080e+02
2.632560e+02
9.378720e+02
1.085576e+03
1.088240e+03
1.060128e+03
1.048552e+03
1.071776e+03
9.456560e+02
8.767520e+02
8.375120e+02
7.199040e+02
4.852480e+02
7.022560e+02
7.893600e+02
8.474320e+02
3.664400e+02
2.838400e+02
1.571040e+02
1.831600e+02
1.882800e+02
2.236400e+02
2.528800e+02
245
2.268640e+02
1.500720e+02
1.798480e+02
1.471360e+02
1.528480e+02
2.360400e+02
1.974800e+02
2.929520e+02
6.090880e+02
6.580080e+02
6.512320e+02
5.202640e+02
4.547040e+02
4.089840e+02
1.841440e+02
1.887840e+02
2.023440e+02
2.235680e+02
2.625200e+02
2.988240e+02
3.426640e+02
2.935520e+02
3.006320e+02
3.282960e+02
3.558880e+02
3.790800e+02
4.128480e+02
3.255760e+02
3.432160e+02
2.908320e+02
1.050960e+02
1.559200e+02
1.715840e+02
4.116400e+02
2.632320e+02
2.760240e+02
3.592160e+02
4.561280e+02
2.932560e+02
4.023600e+02
4.290640e+02
2.346320e+02
2.475280e+02
2.864800e+02
3.527280e+02
4.233600e+02
2.877280e+02
4.404640e+02
2.857600e+02
5.128080e+02
4.905280e+02
4.984560e+02
3.680080e+02
2.866880e+02
2.089200e+02
4.059120e+02
2.802240e+02
4.098560e+02
1.705680e+02
1.702480e+02
1.617760e+02
1.470800e+02
1.405440e+02
9.365600e+01
7.441600e+01
7.434400e+01
7.456000e+01
7.599200e+01
7.723200e+01
7.696000e+01
7.821600e+01
7.772800e+01
2.351920e+02
1.633040e+02
2.592560e+02
2.375920e+02
2.388800e+02
2.491520e+02
2.660560e+02
2.920480e+02
2.606000e+02
1.738320e+02
1.205520e+02
1.080160e+02
7.748000e+01
1.360480e+02
1.127120e+02
2.852160e+02
3.044000e+02
3.045920e+02
3.473120e+02
3.385680e+02
2.969440e+02
3.316720e+02
4.387600e+02
4.574720e+02
4.296960e+02
4.383200e+02
5.355040e+02
5.827280e+02
4.367360e+02
4.398720e+02
2.087440e+02
3.528640e+02
6.123840e+02
5.996320e+02
5.640560e+02
5.329680e+02
7.681200e+02
7.127760e+02
7.454640e+02
8.610480e+02
9.832000e+02
9.073200e+02
9.993600e+02
1.062360e+03
1.095192e+03
1.156976e+03
1.164104e+03
8.781600e+02
3.613680e+02
3.327120e+02
5.313440e+02
3.278400e+02
4.875520e+02
2.941040e+02
7.263200e+01
2.126320e+02
3.202960e+02
3.381840e+02
1.500360e+03
1.287336e+03
1.000392e+03
4.462480e+02
2.586640e+02
2.852160e+02
3.490480e+02
3.797200e+02
3.569440e+02
3.462960e+02
3.239120e+02
2.500400e+02
1.354480e+02
1.986080e+02
2.352640e+02
2.505840e+02
2.141840e+02
2.248480e+02
2.315520e+02
2.874080e+02
3.911840e+02
4.888320e+02
5.993120e+02
5.582320e+02
4.733520e+02
3.732000e+02
1.457680e+02
1.474320e+02
1.520080e+02
1.551920e+02
1.602960e+02
1.607920e+02
1.593360e+02
1.633280e+02
1.656000e+02
4.002640e+02
8.861120e+02
8.164400e+02
9.728640e+02
9.295840e+02
9.136800e+02
8.835760e+02
8.661280e+02
8.785440e+02
6.997440e+02
7.047760e+02
7.095200e+02
1.008648e+03
8.962240e+02
7.575920e+02
6.240640e+02
6.037200e+02
3.975840e+02
3.219120e+02
4.581680e+02
3.431040e+02
4.888080e+02
4.232960e+02
2.870240e+02
2.150160e+02
4.370160e+02
5.142000e+02
4.696400e+02
3.095200e+02
2.121680e+02
2.005200e+02
7.374800e+02
5.473280e+02
6.210160e+02
6.441760e+02
7.172960e+02
7.270160e+02
8.123840e+02
7.954400e+02
7.319680e+02
7.882000e+02
8.114320e+02
7.693200e+02
7.351360e+02
8.088400e+02
8.140400e+02
8.345520e+02
8.637040e+02
6.362800e+02
3.687200e+02
2.857040e+02
2.036000e+02
2.348480e+02
6.022320e+02
6.583600e+02
6.672480e+02
7.203040e+02
7.716320e+02
9.112000e+02
1.070048e+03
1.103960e+03
1.126344e+03
1.196008e+03
9.974000e+02
9.366240e+02
8.234880e+02
7.814320e+02
7.857120e+02
6.548800e+02
6.187840e+02
6.124080e+02
6.183520e+02
6.496880e+02
670
6.287120e+02
6.401520e+02
6.121840e+02
6.865040e+02
8.278160e+02
6.486560e+02
5.992240e+02
6.425440e+02
4.949760e+02
2.849440e+02
2.811840e+02
2.712640e+02
3.013120e+02
4.203680e+02
4.673760e+02
6.595120e+02
6.550560e+02
651
6.456000e+02
6.077360e+02
8.736640e+02
5.104720e+02
7.488080e+02
7.167360e+02
8.120320e+02
9.459520e+02
7.238720e+02
7.048880e+02
6.642960e+02
8.393120e+02
8.207040e+02
3.686960e+02
4.552480e+02
6.952880e+02
6.622160e+02
5.331600e+02
5.439360e+02
6.821360e+02
4.745680e+02
2.231840e+02
4.264560e+02
3.825600e+02
3.658880e+02
2.700880e+02
3.102480e+02
3.049040e+02
3.113760e+02
4.977840e+02
6.933760e+02
6.775120e+02
535
6.640160e+02
6.081280e+02
5.663200e+02
5.800960e+02
5.491920e+02
4.610080e+02
3.269520e+02
3.199200e+02
4.085280e+02
6.581760e+02
6.393040e+02
5.008560e+02
3.637920e+02
1.561040e+02
6.082320e+02
9.207600e+02
4.698640e+02
8.727760e+02
8.004640e+02
5.295120e+02
5.406960e+02
7.732880e+02
7.826400e+02
8.239920e+02
8.946560e+02
9.096320e+02
4.052800e+02
4.262720e+02
4.087440e+02
4.320160e+02
405
4.406560e+02
8.608320e+02
9.850800e+02
7.848080e+02
6.424240e+02
9.342960e+02
8.897200e+02
8.820720e+02
9.105680e+02
9.194240e+02
4.724800e+02
4.651840e+02
5.115600e+02
4.846320e+02
5.597760e+02
1.288352e+03
1.552728e+03
1.488672e+03
1.434216e+03
1.328200e+03
1.424192e+03
1.551464e+03
7.601680e+02
5.070560e+02
4.140560e+02
3.278240e+02
6.304560e+02
9.178800e+02
8.972400e+02
8.786800e+02
8.189120e+02
8.835360e+02
7.760320e+02
9.372800e+02
9.014400e+02
7.422400e+01
6.477440e+02
1.013544e+03
6.851600e+02
5.294880e+02
7.093840e+02
7.270320e+02
7.656320e+02
7.545440e+02
8.311680e+02
8.651040e+02
8.680640e+02
8.886080e+02
4.374720e+02
3.122000e+02
3.119280e+02
2.984560e+02
3.106800e+02
3.084480e+02
309
2.913280e+02
2.125440e+02
1.769840e+02
1.727280e+02
1.160080e+02
1.724960e+02
1.163040e+02
1.496480e+02
1.940880e+02
1.903600e+02
1.240800e+02
3.347520e+02
3.305360e+02
1.462240e+02
9.866400e+01
1.535040e+02
2.593120e+02
2.512800e+02
2.365600e+02
1.554800e+02
1.566240e+02
1.420480e+02
1.409760e+02
1.389760e+02
4.492320e+02
6.240640e+02
5.950640e+02
3.752320e+02
3.777600e+02
3.808080e+02
4.330400e+02
5.244800e+02
2.943600e+02
1.751600e+02
1.944160e+02
1.526480e+02
1.571360e+02
1.759280e+02
3.466320e+02
1.121320e+03
9.905920e+02
7.456960e+02
3.503600e+02
3.430240e+02
3.453120e+02
4.583280e+02
3.178080e+02
1.730400e+02
5.542880e+02
4.440160e+02
5.564400e+02
1.111888e+03
1.376640e+03
9.342800e+02
4.408880e+02
5.736960e+02
2.894560e+02
4.868240e+02
8.584000e+01
2.377760e+02
1.464080e+02
2.610080e+02
3.838560e+02
3.617680e+02
3.232560e+02
3.405360e+02
3.178720e+02
3.488080e+02
3.177760e+02
4.483680e+02
4.515520e+02
3.176240e+02
3.137200e+02
1.125280e+02
1.533040e+02
3.143040e+02
1.792000e+02
1.591360e+02
4.873440e+02
1.456976e+03
1.137608e+03
9.283120e+02
1.002256e+03
9.463760e+02
4.096000e+02
3.854640e+02
4.396800e+02
3.974080e+02
4.718400e+02
5.475920e+02
5.476720e+02
5.505040e+02
5.532880e+02
5.445360e+02
5.863200e+02
5.728400e+02
4.578080e+02
4.714880e+02
4.124800e+02
3.107200e+02
1.740240e+02
8.107200e+01
9.129600e+01
8.617600e+01
1.129280e+02
1.190240e+02
1.445040e+02
1.332000e+02
1.695760e+02
3.375280e+02
2.357760e+02
9.037600e+01
8.302400e+01
1.093040e+02
2.039840e+02
2.004080e+02
2.684720e+02
3.612720e+02
4.277440e+02
2.841840e+02
2.004880e+02
1.956160e+02
1.317680e+02
2.057840e+02
3.557200e+02
2.463200e+02
1.804400e+02
2.106000e+02
1.777600e+02
7.308000e+01
1.048664e+03
9.938160e+02
9.033280e+02
3.657040e+02
1.006792e+03
1.009176e+03
4.829920e+02
5.693600e+02
7.622640e+02
7.030960e+02
5.765040e+02
2.983520e+02
3.211360e+02
5.396560e+02
2.194560e+02
4.295360e+02
6.269360e+02
7.177040e+02
7.199200e+02
376
2.304720e+02
1.301920e+02
5.493600e+01
2.785600e+01
3.104800e+01
3.700800e+01
1.028000e+02
5.640880e+02
6.696800e+01
7.313600e+01
8.679200e+01
5.392800e+01
4.294400e+01
6.241600e+01
1.028480e+02
1.036080e+02
7.237600e+01
4.758400e+01
9.711280e+02
1.043736e+03
8.174560e+02
4.711520e+02
5.510880e+02
4.038240e+02
2.851120e+02
2.723840e+02
3.118960e+02
3.049600e+02
2.908080e+02
2.513200e+02
2.223760e+02
2.707680e+02
2.953360e+02
2.012080e+02
1.593600e+02
2.857600e+02
2.627600e+02
1.747680e+02
1.802000e+02
2.263680e+02
2.384720e+02
2.534960e+02
2.456640e+02
2.467360e+02
2.778160e+02
3.096320e+02
3.144000e+02
3.461680e+02
3.470560e+02
3.680240e+02
3.123440e+02
3.547600e+02
3.064880e+02
2.932880e+02
3.332240e+02
3.466400e+02
1.199280e+02
1.148320e+02
1.287200e+02
2.000240e+02
2.038160e+02
2.040080e+02
1.548480e+02
1.641760e+02
1.735280e+02
1.335520e+02
1.640080e+02
1.503680e+02
1.173520e+02
1.084880e+02
2.712080e+02
1.761440e+02
1.794960e+02
1.831120e+02
1.614160e+02
1.317360e+02
1.583600e+02
1.324080e+02
1.533200e+02
1.665520e+02
9.679200e+01
1.342400e+02
2.464000e+02
2.233680e+02
2.144880e+02
2.475040e+02
1.940640e+02
7.978400e+01
7.514400e+01
6.644000e+01
8.012800e+01
7.005600e+01
6.962400e+01
1.185760e+02
1.244400e+02
1.806080e+02
1.785440e+02
1.747440e+02
1.702320e+02
1.668800e+02
1.904320e+02
2.399920e+02
1.870960e+02
7.829200e+02
1.087704e+03
3.767280e+02
3.522640e+02
3.570240e+02
2.357200e+02
1.923920e+02
1.903760e+02
1.612160e+02
1.796160e+02
2.651120e+02
2.514160e+02
1.604640e+02
1.953520e+02
2.154720e+02
2.578960e+02
2.615680e+02
4.184880e+02
5.602720e+02
4.120960e+02
3.532640e+02
2.898800e+02
2.260480e+02
2.124720e+02
1.748000e+02
2.002320e+02
1.742720e+02
1.690240e+02
1.740320e+02
1.809280e+02
1.679520e+02
1.463680e+02
1.560480e+02
1.507680e+02
1.400560e+02
1.718320e+02
1.702240e+02
1.767920e+02
1.710560e+02
1.594640e+02
1.311760e+02
1.531360e+02
1.698320e+02
1.788640e+02
1.768560e+02
1.586960e+02
1.971200e+02
2.377360e+02
2.249920e+02
1.424240e+02
1.542240e+02
4.871680e+02
5.589280e+02
4.378720e+02
3.518880e+02
1.874240e+02
1.045360e+02
9.554400e+01
8.993600e+01
8.845600e+01
2.020560e+02
2.372720e+02
2.282960e+02
2.312160e+02
2.364640e+02
2.560480e+02
3.335040e+02
4.585760e+02
4.653760e+02
4.030240e+02
3.497840e+02
4.500320e+02
2.743840e+02
2.651840e+02
4.416240e+02
4.036480e+02
4.623840e+02
4.372640e+02
3.966000e+02
1.342000e+02
1.806400e+02
1.611040e+02
2.785200e+02
2.635440e+02
1.901200e+02
1.399520e+02
1.539520e+02
1.472720e+02
1.523760e+02
1.479040e+02
1.954720e+02
1.537520e+02
1.794720e+02
7.359200e+01
9.067200e+01
9.576000e+01
1.416640e+02
5.389600e+01
4.377600e+01
5.477600e+01
1.042000e+02
1.209920e+02
1.484880e+02
1.270720e+02
1.237520e+02
1.120800e+02
7.680800e+01
2.422400e+01
2.259200e+01
3.159200e+01
5.356000e+01
4.699200e+01
4.655200e+01
4.526400e+01
5.575200e+01
8.876800e+01
7.028000e+01
2.129440e+02
1.321440e+02
2.118560e+02
2.742160e+02
2.946720e+02
3.471520e+02
3.578480e+02
2.387600e+02
2.389760e+02
2.544160e+02
2.021680e+02
3.174800e+02
2.830160e+02
2.119760e+02
1.555360e+02
4.293680e+02
3.482400e+02
2.382560e+02
1.883280e+02
3.040640e+02
2.706960e+02
2.603280e+02
2.063440e+02
2.632080e+02
2.282320e+02
1.414080e+02
1.868160e+02
2.504800e+02
3.004560e+02
2.490960e+02
2.667520e+02
2.445600e+02
2.734880e+02
2.265920e+02
1.839920e+02
2.344480e+02
2.693680e+02
2.930480e+02
2.148880e+02
2.343200e+02
1.582640e+02
2.098640e+02
2.636080e+02
2.146320e+02
2.409440e+02
2.417920e+02
2.258480e+02
1.496640e+02
1.046320e+02
1.191120e+02
2.077280e+02
2.392400e+02
2.315840e+02
1.895120e+02
2.435040e+02
1.700960e+02
1.467040e+02
9.639200e+01
1.491840e+02
2.572080e+02
2.833440e+02
2.695360e+02
3.627360e+02
3.322480e+02
1.974480e+02
2.234320e+02
2.131520e+02
2.218000e+02
3.073600e+02
3.589840e+02
2.688640e+02
1.673600e+02
1.080800e+02
1.018480e+02
1.316880e+02
2.756960e+02
1.876160e+02
1.744720e+02
1.843520e+02
1.883760e+02
1.077040e+02
1.477040e+02
2.937040e+02
1.806720e+02
9.303200e+01
4.532080e+02
4.931360e+02
4.721200e+02
5.136800e+02
4.478160e+02
4.844080e+02
2.664800e+02
3.205680e+02
3.831120e+02
2.098480e+02
1.466720e+02
2.236960e+02
1.434560e+02
1.193920e+02
1.045120e+02
9.941600e+01
9.004000e+01
9.069600e+01
2.552720e+02
3.029760e+02
2.416400e+02
2.198080e+02
2.697120e+02
2.430720e+02
2.494000e+02
2.108400e+02
1.607600e+02
1.799680e+02
2.563760e+02
2.648320e+02
2.723360e+02
2.569920e+02
2.515200e+02
2.637600e+02
2.736560e+02
2.965120e+02
2.909680e+02
3.129440e+02
4.501280e+02
5.677200e+02
3.323440e+02
3.263040e+02
2.149360e+02
1.785920e+02
2.274000e+02
2.166080e+02
2.396640e+02
2.889680e+02
1.910240e+02
2.292960e+02
1.555520e+02
1.730320e+02
1.922880e+02
2.896560e+02
2.966240e+02
2.509600e+02
2.589280e+02
2.303760e+02
1.918640e+02
2.650320e+02
3.411520e+02
2.958800e+02
3.048480e+02
3.205840e+02
2.173360e+02
1.140880e+02
1.470560e+02
1.452000e+02
2.996800e+02
2.525680e+02
3.105520e+02
3.693120e+02
291
2.568480e+02
2.584800e+02
4.870800e+02
4.552480e+02
4.196080e+02
4.677680e+02
5.238640e+02
4.429280e+02
4.240720e+02
4.005760e+02
3.912400e+02
3.018400e+02
1.388080e+02
8.334400e+01
8.306400e+01
8.316800e+01
1.563200e+02
3.138400e+02
331
5.724480e+02
5.291360e+02
4.989280e+02
1.985440e+02
2.408080e+02
3.660400e+02
4.432080e+02
3.041360e+02
2.335840e+02
4.154080e+02
4.434880e+02
2.832880e+02
5.419200e+02
6.084480e+02
6.769520e+02
3.216880e+02
1.992000e+02
2.046720e+02
1.646000e+02
1.090960e+02
1.546560e+02
1.203520e+02
1.240800e+02
1.087280e+02
3.959280e+02
3.709760e+02
1.707840e+02
1.035440e+02
1.287280e+02
2.380560e+02
4.851600e+02
3.961920e+02
3.299040e+02
1.821040e+02
1.016640e+02
6.728000e+01
1.771280e+02
2.494000e+02
3.565680e+02
2.742160e+02
3.140640e+02
2.536880e+02
2.438800e+02
1.494480e+02
1.182800e+02
6.687200e+01
6.192800e+01
6.461600e+01
9.887200e+01
1.161520e+02
1.315120e+02
1.099040e+02
1.125600e+02
1.283520e+02
1.055440e+02
1.233760e+02
9.878400e+01
1.794480e+02
1.908160e+02
1.750640e+02
1.662800e+02
9.724800e+01
5.475200e+01
1.172720e+02
1.563360e+02
2.001920e+02
2.936960e+02
2.242640e+02
4.988000e+01
9.715200e+01
1.125600e+02
9.243200e+01
8.813600e+01
9.815200e+01
8.087200e+01
6.504800e+01
6.756800e+01
5.719200e+01
4.699200e+01
4.437600e+01
4.404800e+01
1.195920e+02
1.386960e+02
1.446320e+02
1.261840e+02
5.496000e+01
1.844640e+02
1.933680e+02
2.227520e+02
2.187120e+02
150
9.430400e+01
7.471200e+01
7.970400e+01
1.320320e+02
1.125920e+02
8.325600e+01
6.875200e+01
8.216000e+01
7.296800e+01
9.822400e+01
1.106800e+02
2.785360e+02
2.969840e+02
2.404960e+02
5.023680e+02
6.168720e+02
5.898800e+02
2.547440e+02
5.256880e+02
5.204400e+02
4.871520e+02
4.151680e+02
2.758640e+02
1.679600e+02
2.340480e+02
2.334640e+02
1.396960e+02
1.331440e+02
1.324080e+02
1.482640e+02
3.592560e+02
3.306560e+02
2.190960e+02
3.854080e+02
3.453680e+02
2.557440e+02
2.382080e+02
2.965200e+02
3.292640e+02
301
2.302240e+02
1.932400e+02
1.517280e+02
1.474800e+02
1.432240e+02
1.814720e+02
2.364320e+02
2.344800e+02
1.863600e+02
2.501680e+02
2.576800e+02
2.374000e+02
1.834080e+02
1.544080e+02
1.486640e+02
1.373040e+02
1.388480e+02
1.240960e+02
1.189600e+02
9.582400e+01
1.345520e+02
2.224560e+02
3.886800e+02
4.958800e+02
4.346800e+02
2.595040e+02
1.578080e+02
1.502160e+02
1.601520e+02
1.864880e+02
1.690880e+02
9.411200e+01
103
1.220960e+02
1.364160e+02
1.987360e+02
2.294400e+02
3.706000e+02
4.048080e+02
4.729680e+02
4.725520e+02
3.956560e+02
2.909680e+02
4.576080e+02
2.633520e+02
3.575120e+02
3.513680e+02
2.578480e+02
2.870480e+02
2.797360e+02
2.974400e+02
2.353200e+02
3.301680e+02
3.118640e+02
4.439040e+02
4.300560e+02
4.119360e+02
3.379840e+02
3.001440e+02
2.977440e+02
3.319600e+02
3.740640e+02
3.031040e+02
1.833840e+02
2.426000e+02
2.153600e+02
2.149760e+02
2.240800e+02
2.527280e+02
2.527840e+02
2.373440e+02
2.594000e+02
2.734960e+02
2.831920e+02
3.495360e+02
4.012320e+02
2.661040e+02
2.184640e+02
2.532000e+02
2.577920e+02
3.044240e+02
1.956960e+02
2.220320e+02
2.509120e+02
2.050160e+02
3.218240e+02
1.081200e+02
3.191520e+02
3.502960e+02
2.162560e+02
1.742240e+02
1.988080e+02
2.050640e+02
1.796640e+02
1.555200e+02
2.995200e+02
6.802800e+02
8.809920e+02
7.135760e+02
4.926640e+02
3.450800e+02
3.295200e+02
6.624000e+01
3.629600e+02
1.082256e+03
1.443608e+03
1.283016e+03
1.777920e+02
2.274800e+02
2.178800e+02
2.453600e+02
2.329200e+02
2.160160e+02
2.080400e+02
2.454320e+02
3.930400e+02
4.364480e+02
4.432320e+02
3.537440e+02
2.435440e+02
2.078000e+02
1.676400e+02
1.233920e+02
1.299440e+02
1.654480e+02
2.383360e+02
3.110400e+02
3.078880e+02
1.911520e+02
1.263920e+02
3.190400e+02
6.803920e+02
6.270160e+02
6.711840e+02
5.620400e+02
4.317200e+02
5.163760e+02
6.677200e+02
7.353600e+02
8.784000e+02
7.199120e+02
6.341120e+02
4.743120e+02
4.552800e+02
4.540240e+02
3.492080e+02
3.313520e+02
4.025680e+02
6.370160e+02
5.322240e+02
6.278080e+02
6.995360e+02
8.169120e+02
8.274720e+02
6.449840e+02
6.713520e+02
5.680400e+02
403
3.271760e+02
2.974800e+02
5.059120e+02
5.765760e+02
5.391600e+02
3.353680e+02
3.241360e+02
3.119680e+02
2.764400e+02
1.031120e+02
1.649600e+02
3.361280e+02
2.997200e+02
1.447040e+02
1.166800e+02
1.537840e+02
4.469040e+02
6.334320e+02
4.693120e+02
4.174960e+02
3.709760e+02
3.442320e+02
3.254560e+02
3.198480e+02
3.419360e+02
3.834160e+02
4.123440e+02
3.345760e+02
3.239040e+02
3.787600e+02
3.327760e+02
3.545920e+02
3.597840e+02
4.227760e+02
4.534160e+02
4.798800e+02
5.090800e+02
3.999040e+02
2.745600e+02
3.015360e+02
3.902000e+02
2.511200e+02
3.295840e+02
1.885120e+02
1.844800e+02
3.004160e+02
4.323680e+02
3.626320e+02
3.028560e+02
3.070960e+02
3.161040e+02
3.109680e+02
3.661520e+02
3.370880e+02
4.506320e+02
1.093600e+02
2.013200e+02
4.927040e+02
9.743200e+01
2.551440e+02
4.905520e+02
3.364000e+02
2.595600e+02
2.577360e+02
2.142640e+02
3.774240e+02
5.106960e+02
4.330480e+02
5.078720e+02
5.070720e+02
2.208640e+02
2.534160e+02
1.916720e+02
1.842320e+02
1.711920e+02
2.088160e+02
6.006240e+02
4.541920e+02
4.393520e+02
384
3.383600e+02
3.453600e+02
3.092160e+02
3.673120e+02
3.364480e+02
3.919840e+02
4.106240e+02
4.793040e+02
5.452960e+02
4.780560e+02
4.263680e+02
4.175040e+02
3.764880e+02
3.084800e+02
2.943200e+02
3.532000e+02
3.309040e+02
4.118400e+02
4.137360e+02
4.749840e+02
5.213360e+02
4.383920e+02
4.181040e+02
4.862880e+02
4.580720e+02
5.274720e+02
4.160320e+02
3.051040e+02
3.214880e+02
2.867520e+02
3.353680e+02
2.776480e+02
2.354080e+02
2.328320e+02
2.545040e+02
3.748480e+02
4.866960e+02
4.067600e+02
3.272080e+02
2.449040e+02
2.745600e+02
1.810880e+02
1.973360e+02
2.628880e+02
2.897920e+02
1.989040e+02
1.639200e+02
1.595200e+02
1.725680e+02
2.105680e+02
2.429600e+02
1.322160e+02
2.120960e+02
2.554080e+02
2.148640e+02
2.084640e+02
2.968960e+02
2.675760e+02
3.596160e+02
3.595200e+02
4.114720e+02
3.755680e+02
4.045440e+02
3.258880e+02
2.282720e+02
2.366720e+02
2.945040e+02
2.614080e+02
2.110320e+02
2.256000e+02
2.254960e+02
1.250960e+02
364
5.284800e+02
4.673920e+02
9.115200e+02
5.459360e+02
3.566880e+02
2.134160e+02
2.097680e+02
4.794240e+02
3.175760e+02
1.690800e+02
2.246720e+02
5.764000e+02
6.553040e+02
1.590560e+02
1.487600e+02
1.249440e+02
1.566960e+02
2.065360e+02
2.582800e+02
3.189280e+02
4.362720e+02
381
2.385920e+02
2.498480e+02
1.851120e+02
2.790640e+02
4.331520e+02
7.425760e+02
8.601600e+01
2.124880e+02
3.063920e+02
3.753440e+02
3.670880e+02
3.503200e+02
2.997200e+02
3.039440e+02
2.287600e+02
1.961840e+02
1.998800e+02
2.638160e+02
5.514960e+02
1.244384e+03
3.769840e+02
5.555200e+01
6.063200e+01
1.991760e+02
2.075200e+02
1.410640e+02
2.787280e+02
4.418560e+02
4.745920e+02
4.119200e+02
4.070160e+02
5.457120e+02
4.484240e+02
5.098560e+02
4.448720e+02
4.135040e+02
377
2.904080e+02
2.553360e+02
3.156560e+02
3.559440e+02
4.834960e+02
4.592640e+02
3.282320e+02
3.042480e+02
3.768880e+02
4.986000e+02
5.367920e+02
5.977600e+02
5.346480e+02
4.486240e+02
1.402880e+02
2.684720e+02
2.795600e+02
3.058720e+02
3.214880e+02
3.189600e+02
3.060240e+02
2.922720e+02
1.948320e+02
8.276000e+01
1.041760e+02
1.700880e+02
1.235440e+02
6.588800e+01
7.583200e+01
9.437600e+01
8.160000e+01
1.677920e+02
1.518400e+02
1.969840e+02
1.349040e+02
1.460080e+02
1.800800e+02
1.936880e+02
9.207200e+01
1.003920e+02
1.541120e+02
1.484560e+02
1.840800e+02
2.305040e+02
2.286160e+02
2.000160e+02
2.200960e+02
1.851680e+02
2.049200e+02
1.576960e+02
1.297760e+02
1.345760e+02
1.335760e+02
1.076720e+02
1.237760e+02
1.231600e+02
1.821200e+02
1.825760e+02
1.862880e+02
1.546400e+02
1.009680e+02
1.457520e+02
1.307040e+02
1.058320e+02
137
1.192320e+02
1.527040e+02
1.238480e+02
1.935120e+02
1.454800e+02
1.273360e+02
1.262880e+02
1.414960e+02
1.161280e+02
5.847200e+01
8.237600e+01
1.075280e+02
1.045680e+02
2.571760e+02
6.078640e+02
4.865680e+02
3.364560e+02
4.756560e+02
6.324880e+02
7.145360e+02
8.058880e+02
6.519440e+02
4.159760e+02
4.943040e+02
5.637600e+02
6.358000e+02
6.959760e+02
6.029120e+02
5.550400e+02
5.753520e+02
6.288960e+02
5.664160e+02
5.702160e+02
6.775200e+02
6.961280e+02
7.013120e+02
8.395920e+02
7.907280e+02
6.941840e+02
657
8.037120e+02
6.997280e+02
6.424880e+02
5.112000e+02
5.093200e+02
5.460880e+02
5.991760e+02
5.646880e+02
6.201040e+02
5.657040e+02
6.580320e+02
6.778720e+02
6.226000e+02
7.541760e+02
6.990800e+02
5.867040e+02
6.112640e+02
4.479920e+02
5.061040e+02
5.013040e+02
5.311360e+02
5.860560e+02
708
6.624160e+02
5.230480e+02
4.536000e+02
4.323440e+02
4.426160e+02
5.534400e+02
4.950560e+02
3.869200e+02
3.308560e+02
3.518800e+02
4.019520e+02
4.158720e+02
3.691760e+02
3.392640e+02
2.331120e+02
2.250320e+02
2.002080e+02
1.558320e+02
1.242640e+02
1.479680e+02
2.438160e+02
1.735360e+02
2.393600e+02
2.779440e+02
3.689200e+02
2.830960e+02
3.367280e+02
3.278000e+02
3.488160e+02
3.931920e+02
2.455200e+02
2.297520e+02
2.957440e+02
3.195520e+02
3.176160e+02
2.925040e+02
3.502240e+02
3.235040e+02
3.986960e+02
4.529360e+02
3.371120e+02
3.547120e+02
3.133520e+02
2.220800e+02
2.205440e+02
2.350640e+02
2.565040e+02
2.921840e+02
2.979920e+02
3.136800e+02
3.404560e+02
3.372800e+02
2.915920e+02
2.955280e+02
3.290320e+02
3.631680e+02
3.686800e+02
3.411600e+02
93
9.978400e+01
9.944800e+01
1.102720e+02
1.148560e+02
1.375920e+02
7.981600e+01
7.832800e+01
7.937600e+01
8.068000e+01
8.155200e+01
7.872800e+01
7.354400e+01
9.448000e+01
3.580560e+02
3.607280e+02
4.177520e+02
4.538640e+02
4.569760e+02
4.179200e+02
3.211600e+02
2.939200e+02
2.622080e+02
2.021440e+02
3.137760e+02
2.538720e+02
3.927760e+02
5.105600e+02
3.028080e+02
3.292240e+02
2.696320e+02
2.236640e+02
1.554080e+02
2.796640e+02
4.585680e+02
6.652880e+02
6.117360e+02
4.083280e+02
2.476720e+02
9.380560e+02
4.126880e+02
2.839280e+02
2.690320e+02
1.875920e+02
1.933680e+02
1.988640e+02
2.099520e+02
1.981760e+02
1.887760e+02
1.996240e+02
1.353200e+02
1.643840e+02
1.738880e+02
3.605040e+02
1.940560e+02
1.725920e+02
1.854240e+02
2.398640e+02
3.025840e+02
3.173760e+02
2.880320e+02
2.793760e+02
3.109360e+02
2.821600e+02
3.299440e+02
3.291600e+02
3.734160e+02
3.329680e+02
3.809520e+02
4.675040e+02
5.168640e+02
3.752800e+02
5.553840e+02
2.964880e+02
3.156880e+02
4.239040e+02
5.501200e+02
2.467920e+02
2.178640e+02
1.338240e+02
1.753680e+02
2.696320e+02
1.595600e+02
1.136320e+02
1.256960e+02
1.609040e+02
1.966160e+02
1.643280e+02
1.983760e+02
3.594880e+02
2.414080e+02
1.686480e+02
3.182080e+02
3.815360e+02
2.512800e+02
2.496800e+02
3.238560e+02
2.772800e+02
2.019360e+02
2.522720e+02
1.418480e+02
1.940160e+02
1.979680e+02
1.511760e+02
2.201920e+02
2.834720e+02
1.543200e+02
1.304640e+02
3.796800e+02
3.108000e+02
2.933440e+02
3.601120e+02
2.179040e+02
2.860640e+02
2.354400e+02
2.499760e+02
2.293520e+02
2.211840e+02
2.271040e+02
2.158080e+02
2.290640e+02
1.472720e+02
1.467600e+02
2.293680e+02
2.643600e+02
2.696480e+02
3.555760e+02
3.196640e+02
2.564000e+02
2.586160e+02
2.420960e+02
2.066080e+02
7.756000e+01
1.240800e+02
1.066880e+02
9.280000e+01
9.508000e+01
2.207280e+02
3.818720e+02
4.679520e+02
1.608160e+02
1.397120e+02
1.191840e+02
2.215120e+02
2.311040e+02
3.084000e+02
3.198400e+02
3.653840e+02
2.448880e+02
9.395200e+01
1.104960e+02
1.051760e+02
1.059360e+02
1.159200e+02
1.250240e+02
1.178880e+02
2.947200e+02
3.379120e+02
1.513920e+02
3.489920e+02
1.605920e+02
1.532800e+02
1.015920e+02
9.895200e+01
1.201040e+02
1.217680e+02
9.300800e+01
7.998400e+01
8.640000e+01
1.327680e+02
2.531680e+02
2.662080e+02
2.752800e+02
2.757120e+02
1.505760e+02
1.901280e+02
7.928000e+01
1.018240e+02
2.447680e+02
2.582400e+02
2.476240e+02
2.518720e+02
146
2.118320e+02
1.126240e+02
1.267680e+02
8.978400e+01
1.373360e+02
1.085200e+02
1.291680e+02
1.764800e+02
1.889200e+02
2.644400e+02
2.144800e+02
1.698000e+02
7.219200e+01
6.939200e+01
1.282880e+02
1.207760e+02
1.866480e+02
1.696240e+02
1.802880e+02
2.045360e+02
1.694560e+02
2.752320e+02
3.767680e+02
3.552480e+02
2.436400e+02
2.947280e+02
3.045920e+02
2.568320e+02
2.148800e+02
2.303360e+02
2.673280e+02
1.273760e+02
1.803840e+02
1.737200e+02
1.491280e+02
1.732640e+02
2.110560e+02
1.931040e+02
1.027920e+02
1.969680e+02
1.924480e+02
2.775360e+02
3.070640e+02
2.343120e+02
3.595760e+02
3.273120e+02
3.461600e+02
3.313520e+02
2.534480e+02
1.738880e+02
1.297920e+02
2.775520e+02
3.451920e+02
2.295840e+02
1.905520e+02
2.208880e+02
2.003280e+02
2.209520e+02
2.094720e+02
1.868160e+02
1.321520e+02
1.358960e+02
1.805600e+02
1.401280e+02
1.252000e+02
1.653600e+02
2.205600e+02
1.654880e+02
1.272160e+02
1.382160e+02
1.721920e+02
1.994560e+02
1.548480e+02
1.325120e+02
9.048800e+01
1.134400e+02
1.382000e+02
1.293040e+02
8.168000e+01
1.135520e+02
1.751440e+02
1.896560e+02
