2.042400e+01
2.479200e+01
2.625600e+01
2.412800e+01
5.676000e+01
9.660000e+01
8.332800e+01
1.380000e+01
3.758400e+01
3.761600e+01
5.027200e+01
4.989600e+01
5.060800e+01
5.015200e+01
5.048800e+01
5.162400e+01
2.812800e+01
3.671200e+01
3.573600e+01
3.585600e+01
3.468000e+01
3.068800e+01
3.947200e+01
3.744800e+01
3.966400e+01
3.976800e+01
3.908800e+01
3.688800e+01
3.774400e+01
3.713600e+01
4.050400e+01
3.795200e+01
3.824000e+01
3.776800e+01
3.965600e+01
3.761600e+01
3.739200e+01
1.308640e+02
1.142720e+02
8.433600e+01
2.010080e+02
2.190480e+02
1.686320e+02
2.622400e+01
2.073600e+01
4.356000e+01
5.116800e+01
5.208000e+01
4.936800e+01
4.600800e+01
4.549600e+01
5.644000e+01
1.020480e+02
9.528000e+01
6.503200e+01
8.244000e+01
1.322800e+02
1.236880e+02
1.545360e+02
1.240720e+02
1.031120e+02
1.052560e+02
1.052640e+02
1.116800e+02
1.007920e+02
100
7.829600e+01
6.836000e+01
1.192640e+02
1.403760e+02
1.898960e+02
1.691760e+02
1.673840e+02
1.751760e+02
1.946800e+02
1.494480e+02
1.723760e+02
1.114160e+02
1.607520e+02
1.326800e+02
1.372880e+02
6.777600e+01
1.045600e+02
1.626160e+02
1.436080e+02
8.325600e+01
3.053600e+01
3.899200e+01
2.804000e+01
3.445600e+01
3.112800e+01
2.739200e+01
2.821600e+01
1.258080e+02
1.788720e+02
1.842480e+02
1.785200e+02
1.744480e+02
1.762960e+02
1.817280e+02
1.544080e+02
1.708720e+02
1.652800e+02
1.743920e+02
2.891760e+02
1.015200e+02
5.183200e+01
1.412000e+01
1.331200e+01
1.300800e+01
1.272000e+01
1.215200e+01
1.505600e+01
1.714400e+01
3.932800e+01
6.563200e+01
2.068000e+01
2.196000e+01
2.224000e+01
2.188000e+01
2.302400e+01
2.300800e+01
2.448000e+01
2.440800e+01
2.389600e+01
2.444800e+01
2.430400e+01
2.431200e+01
2.614400e+01
2.632800e+01
2.575200e+01
2.675200e+01
2.684800e+01
2.699200e+01
2.836000e+01
2.730400e+01
2.626400e+01
2.738400e+01
2.758400e+01
2.800800e+01
5.370400e+01
8.641600e+01
8.719200e+01
1.868240e+02
2.552320e+02
2.346880e+02
3.025280e+02
3.094880e+02
2.855920e+02
1.633680e+02
1.219680e+02
3.006560e+02
5.139360e+02
4.295120e+02
3.701200e+02
409
1.263360e+02
1.640400e+02
2.025840e+02
2.945680e+02
1.966240e+02
2.004240e+02
1.856960e+02
2.046400e+02
2.531520e+02
1.993680e+02
1.784480e+02
7.776000e+01
5.914400e+01
5.368800e+01
6.914400e+01
6.898400e+01
4.942400e+01
9.514400e+01
1.775360e+02
1.831920e+02
1.983920e+02
2.275920e+02
2.579200e+02
2.665200e+02
3.060720e+02
2.039040e+02
1.579280e+02
5.616800e+02
6.285680e+02
6.098560e+02
5.937120e+02
5.817120e+02
6.129040e+02
5.535600e+02
5.167760e+02
4.899440e+02
4.263520e+02
3.076880e+02
4.474160e+02
4.958960e+02
5.356240e+02
2.324640e+02
181
9.776000e+01
1.165680e+02
1.252640e+02
1.543040e+02
1.689200e+02
1.689920e+02
1.568240e+02
1.032240e+02
1.207600e+02
1.010960e+02
1.032960e+02
1.469200e+02
1.181760e+02
1.682320e+02
3.547600e+02
3.856080e+02
3.926000e+02
3.428160e+02
2.955760e+02
2.624000e+02
1.142560e+02
1.117600e+02
1.202560e+02
131
1.496720e+02
1.729360e+02
1.955920e+02
1.631680e+02
1.695680e+02
1.783600e+02
1.864320e+02
1.949840e+02
2.203200e+02
1.871040e+02
1.979360e+02
1.744960e+02
7.319200e+01
1.031600e+02
1.157680e+02
2.572320e+02
1.693120e+02
1.878720e+02
2.346960e+02
2.928560e+02
1.977520e+02
2.733840e+02
2.735760e+02
1.571200e+02
1.713200e+02
2.011600e+02
2.205040e+02
2.815440e+02
1.895680e+02
2.896640e+02
1.944320e+02
3.173120e+02
3.045840e+02
3.179840e+02
2.495520e+02
1.872560e+02
1.301680e+02
2.606000e+02
1.963760e+02
2.719120e+02
1.027120e+02
9.995200e+01
9.585600e+01
8.482400e+01
8.200800e+01
5.874400e+01
4.626400e+01
4.604800e+01
4.639200e+01
4.724000e+01
4.722400e+01
4.768000e+01
4.821600e+01
4.742400e+01
1.527440e+02
1.092320e+02
1.719040e+02
1.563760e+02
1.603280e+02
1.664160e+02
1.756800e+02
1.978800e+02
1.703280e+02
1.061920e+02
7.615200e+01
6.967200e+01
5.046400e+01
8.604000e+01
7.116000e+01
1.689280e+02
1.815040e+02
1.807920e+02
1.998480e+02
1.993040e+02
1.863200e+02
2.136480e+02
2.705280e+02
2.900720e+02
2.682560e+02
2.665760e+02
3.267840e+02
3.600800e+02
2.577440e+02
2.517760e+02
1.253600e+02
1.986320e+02
3.459680e+02
3.358480e+02
3.154960e+02
2.946640e+02
4.197520e+02
3.937280e+02
4.093440e+02
4.670160e+02
5.455440e+02
5.122480e+02
5.577440e+02
5.981040e+02
6.104240e+02
6.432800e+02
6.440560e+02
5.026400e+02
2.353600e+02
2.155040e+02
3.373360e+02
2.142400e+02
3.121040e+02
1.919200e+02
4.968000e+01
1.389440e+02
214
2.208560e+02
7.962720e+02
6.735600e+02
5.178320e+02
2.608720e+02
1.630320e+02
1.744000e+02
2.072960e+02
2.154080e+02
2.028320e+02
1.994960e+02
1.835280e+02
1.425360e+02
8.745600e+01
1.283360e+02
1.467920e+02
1.515680e+02
1.327760e+02
1.388080e+02
1.413600e+02
1.766400e+02
2.370960e+02
2.957120e+02
3.628240e+02
3.386720e+02
2.821920e+02
2.204800e+02
8.652800e+01
8.624000e+01
8.824000e+01
8.890400e+01
9.084800e+01
9.413600e+01
9.093600e+01
9.172800e+01
9.267200e+01
2.267040e+02
5.207120e+02
4.742080e+02
5.654320e+02
5.345120e+02
5.269520e+02
5.097120e+02
5.001440e+02
5.305200e+02
4.244080e+02
4.281520e+02
4.322720e+02
6.219920e+02
5.814720e+02
5.050400e+02
4.099120e+02
3.981040e+02
2.642960e+02
2.048400e+02
2.711040e+02
2.064320e+02
2.998800e+02
2.796960e+02
196
1.450480e+02
2.463840e+02
2.744080e+02
2.484400e+02
1.775920e+02
1.284160e+02
1.184880e+02
4.393760e+02
2.856880e+02
3.472880e+02
3.886400e+02
414
4.213520e+02
4.834240e+02
4.748240e+02
4.334400e+02
4.673600e+02
4.792160e+02
4.535760e+02
4.318000e+02
4.740400e+02
4.794800e+02
4.934000e+02
5.122400e+02
3.851680e+02
2.375520e+02
1.835760e+02
1.307440e+02
1.506000e+02
3.279440e+02
3.480160e+02
3.551280e+02
4.155440e+02
4.452400e+02
5.322960e+02
6.249120e+02
6.386720e+02
6.529040e+02
6.963040e+02
5.946400e+02
5.588960e+02
5.018480e+02
4.727360e+02
4.766240e+02
3.980800e+02
3.764320e+02
373
3.755920e+02
4.008800e+02
4.154640e+02
3.885280e+02
3.889520e+02
3.873840e+02
4.473840e+02
5.466480e+02
4.172800e+02
3.497280e+02
3.715600e+02
3.008800e+02
1.857920e+02
1.827200e+02
1.737520e+02
2.002240e+02
2.801680e+02
2.940240e+02
4.106000e+02
4.107600e+02
4.093040e+02
3.986400e+02
3.678480e+02
5.592400e+02
3.261120e+02
4.638320e+02
4.407680e+02
4.940400e+02
5.816560e+02
4.572080e+02
4.453200e+02
4.169920e+02
5.205840e+02
5.070400e+02
2.366240e+02
2.745760e+02
3.993920e+02
3.968720e+02
3.247840e+02
3.466240e+02
4.338080e+02
2.988880e+02
1.428960e+02
2.781600e+02
2.469040e+02
2.281520e+02
1.707200e+02
1.933600e+02
1.983360e+02
2.044480e+02
2.866560e+02
3.922960e+02
3.984880e+02
3.488480e+02
4.183440e+02
3.693440e+02
3.513760e+02
3.615760e+02
3.366000e+02
2.638560e+02
1.787600e+02
1.755120e+02
2.291520e+02
3.943200e+02
3.890720e+02
3.052640e+02
2.247040e+02
9.904800e+01
3.602640e+02
5.391280e+02
2.800480e+02
5.116800e+02
4.814160e+02
3.490720e+02
3.576080e+02
4.695680e+02
4.686080e+02
4.972720e+02
5.411440e+02
5.550720e+02
2.752880e+02
2.851760e+02
2.788400e+02
2.921360e+02
2.748720e+02
2.826080e+02
5.247520e+02
5.847360e+02
4.865360e+02
3.889440e+02
5.758640e+02
5.330160e+02
5.095360e+02
5.176400e+02
5.220240e+02
3.122560e+02
3.083600e+02
3.371520e+02
3.185920e+02
3.673200e+02
7.361760e+02
8.686080e+02
8.292000e+02
7.987760e+02
7.552080e+02
8.150320e+02
8.710160e+02
4.319920e+02
2.939200e+02
2.575760e+02
2.097440e+02
3.801200e+02
5.590320e+02
5.498480e+02
5.047680e+02
4.729760e+02
5.163200e+02
4.516960e+02
5.567680e+02
5.373840e+02
5.112000e+01
3.839440e+02
5.999280e+02
4.351760e+02
3.422560e+02
4.343440e+02
4.452080e+02
4.621600e+02
4.600160e+02
4.932800e+02
4.802160e+02
4.788640e+02
4.879520e+02
2.411840e+02
1.717840e+02
1.716240e+02
167
1.716960e+02
1.722160e+02
1.704080e+02
1.789920e+02
1.348960e+02
1.161680e+02
1.157600e+02
7.477600e+01
1.077280e+02
7.675200e+01
9.686400e+01
1.190800e+02
1.162080e+02
8.512000e+01
2.144000e+02
2.094560e+02
9.528000e+01
6.686400e+01
9.343200e+01
1.577840e+02
1.549680e+02
1.493680e+02
1.018720e+02
1.025520e+02
9.255200e+01
9.226400e+01
9.202400e+01
2.847680e+02
3.589920e+02
3.457920e+02
2.166160e+02
2.150400e+02
2.152000e+02
2.449600e+02
3.001040e+02
1.832080e+02
1.153520e+02
1.260480e+02
9.768800e+01
1.018400e+02
1.120400e+02
2.123040e+02
6.567440e+02
5.513600e+02
4.238560e+02
2.246160e+02
2.221120e+02
2.249600e+02
2.998720e+02
2.140480e+02
1.095920e+02
3.399600e+02
2.759200e+02
3.468640e+02
7.223200e+02
8.733520e+02
5.506880e+02
2.784800e+02
3.474560e+02
1.851920e+02
2.989920e+02
5.708800e+01
1.380720e+02
7.155200e+01
1.397920e+02
215
2.020320e+02
1.824480e+02
2.047520e+02
2.212880e+02
2.409600e+02
1.966000e+02
2.486640e+02
2.510320e+02
1.844320e+02
1.868160e+02
6.912000e+01
9.940000e+01
2.026560e+02
1.204800e+02
1.113600e+02
2.839680e+02
8.042880e+02
6.561520e+02
5.625920e+02
6.055920e+02
5.711440e+02
2.540480e+02
2.405040e+02
2.709440e+02
2.413520e+02
2.881360e+02
3.415200e+02
3.438080e+02
3.473120e+02
3.501840e+02
3.405360e+02
3.662800e+02
3.558240e+02
2.858640e+02
2.959440e+02
2.521520e+02
1.894960e+02
1.158160e+02
5.577600e+01
6.258400e+01
5.616800e+01
7.548000e+01
7.895200e+01
9.525600e+01
8.712000e+01
1.086880e+02
2.132720e+02
1.527440e+02
5.980000e+01
5.638400e+01
7.039200e+01
1.208720e+02
1.200720e+02
1.754880e+02
2.235360e+02
2.673600e+02
1.753360e+02
1.177760e+02
1.162960e+02
7.838400e+01
1.265520e+02
2.347520e+02
1.642800e+02
1.208160e+02
1.387200e+02
1.242240e+02
5.146400e+01
5.707200e+02
4.855840e+02
4.892560e+02
1.647920e+02
5.442640e+02
653
3.029440e+02
3.432160e+02
4.412160e+02
3.947840e+02
3.484160e+02
1.996880e+02
2.025840e+02
3.205760e+02
1.296080e+02
2.651600e+02
3.139440e+02
3.783520e+02
3.870800e+02
1.955040e+02
1.304320e+02
8.628800e+01
3.641600e+01
2.043200e+01
2.152000e+01
2.797600e+01
6.872000e+01
3.480640e+02
4.536000e+01
5.085600e+01
5.977600e+01
3.623200e+01
3.040000e+01
4.031200e+01
6.291200e+01
6.468000e+01
4.728000e+01
3.324000e+01
5.941360e+02
6.460880e+02
5.061120e+02
2.903840e+02
3.473760e+02
2.536720e+02
1.759120e+02
1.621040e+02
1.855120e+02
1.733440e+02
1.566800e+02
1.489200e+02
1.420400e+02
1.769120e+02
1.923840e+02
1.306640e+02
1.034720e+02
1.897600e+02
1.784560e+02
1.165840e+02
1.160640e+02
1.446160e+02
1.498480e+02
1.622320e+02
1.567200e+02
1.616960e+02
1.757280e+02
2.020240e+02
2.036720e+02
2.357920e+02
2.302240e+02
2.411840e+02
2.007760e+02
2.321840e+02
1.976960e+02
1.859600e+02
2.214800e+02
2.258240e+02
75
7.294400e+01
8.136800e+01
1.302560e+02
1.301760e+02
1.313440e+02
1.020480e+02
1.106720e+02
1.189200e+02
9.196800e+01
1.137840e+02
9.882400e+01
7.644000e+01
6.940000e+01
1.734720e+02
1.171120e+02
1.179120e+02
1.265040e+02
1.163680e+02
9.704000e+01
1.125920e+02
9.332000e+01
1.055360e+02
1.105040e+02
6.394400e+01
8.956800e+01
1.555280e+02
1.427840e+02
1.365680e+02
1.562560e+02
1.276160e+02
5.646400e+01
5.209600e+01
4.632800e+01
5.567200e+01
5.071200e+01
5.026400e+01
7.839200e+01
8.001600e+01
1.167040e+02
1.141520e+02
1.128720e+02
1.096880e+02
1.089200e+02
1.226400e+02
1.515840e+02
1.192080e+02
4.962320e+02
7.042560e+02
2.332320e+02
2.220160e+02
2.231600e+02
1.458560e+02
1.204560e+02
1.160480e+02
9.425600e+01
1.042080e+02
1.706240e+02
1.552400e+02
9.606400e+01
1.196800e+02
1.333680e+02
1.605920e+02
1.612160e+02
2.713360e+02
3.657120e+02
2.655360e+02
2.274560e+02
1.840640e+02
1.412320e+02
1.333680e+02
1.084000e+02
1.266160e+02
1.085200e+02
1.067360e+02
1.103920e+02
1.146960e+02
1.085280e+02
9.610400e+01
1.008080e+02
9.926400e+01
9.348000e+01
1.121520e+02
1.095920e+02
1.156640e+02
1.142960e+02
1.024240e+02
8.184800e+01
8.160800e+01
1.010720e+02
1.146880e+02
1.176560e+02
1.067360e+02
1.283440e+02
1.561520e+02
1.494080e+02
9.613600e+01
1.035520e+02
3.211680e+02
3.496160e+02
2.607120e+02
2.079200e+02
1.152640e+02
6.976000e+01
6.410400e+01
5.972800e+01
6.052800e+01
1.131440e+02
1.315040e+02
1.276160e+02
1.273680e+02
1.292800e+02
1.425760e+02
2.034160e+02
2.742160e+02
2.849600e+02
2.431680e+02
2.110160e+02
2.612160e+02
1.713200e+02
1.733600e+02
2.741280e+02
2.495200e+02
2.893040e+02
2.670880e+02
2.410880e+02
8.855200e+01
1.185760e+02
1.067440e+02
1.715280e+02
1.592480e+02
1.139040e+02
8.033600e+01
9.164800e+01
8.929600e+01
9.296800e+01
9.254400e+01
1.194800e+02
9.560000e+01
1.085280e+02
4.918400e+01
5.860800e+01
6.180000e+01
9.267200e+01
3.549600e+01
2.988000e+01
3.525600e+01
6.697600e+01
7.680800e+01
8.704000e+01
7.823200e+01
8.104800e+01
7.537600e+01
4.748000e+01
1.774400e+01
1.741600e+01
2.280800e+01
3.783200e+01
3.470400e+01
3.374400e+01
3.387200e+01
4.071200e+01
6.410400e+01
5.004000e+01
1.474640e+02
8.802400e+01
1.394800e+02
1.845520e+02
1.923520e+02
2.296720e+02
2.380400e+02
1.574080e+02
1.516960e+02
1.656800e+02
1.291360e+02
2.118000e+02
1.842560e+02
1.385760e+02
1.014960e+02
2.828880e+02
2.263200e+02
1.434320e+02
1.164720e+02
1.985440e+02
1.802720e+02
1.766560e+02
1.387520e+02
1.746880e+02
1.541840e+02
9.546400e+01
1.243440e+02
1.643440e+02
2.015840e+02
1.600800e+02
1.728400e+02
1.613120e+02
1.787200e+02
1.453600e+02
1.170160e+02
1.515920e+02
1.768000e+02
1.903840e+02
1.436240e+02
1.580800e+02
1.066320e+02
1.439520e+02
1.773280e+02
1.436000e+02
1.608160e+02
1.598000e+02
1.512240e+02
9.657600e+01
7.102400e+01
8.070400e+01
1.454080e+02
1.395600e+02
1.555840e+02
1.271760e+02
1.661920e+02
1.130560e+02
9.907200e+01
6.548800e+01
1.046640e+02
1.616720e+02
1.816480e+02
1.771760e+02
2.350720e+02
2.125920e+02
1.209440e+02
1.399680e+02
1.343920e+02
1.491600e+02
2.011280e+02
2.365840e+02
1.779680e+02
1.121200e+02
7.385600e+01
7.084000e+01
9.028000e+01
1.898480e+02
1.263280e+02
1.107760e+02
1.197280e+02
1.250960e+02
7.322400e+01
1.043840e+02
2.005760e+02
1.093600e+02
6.282400e+01
2.670240e+02
2.834080e+02
2.704640e+02
2.977520e+02
2.642160e+02
2.911360e+02
1.705360e+02
2.054960e+02
2.396880e+02
1.367280e+02
9.626400e+01
1.481040e+02
9.470400e+01
7.958400e+01
7.005600e+01
6.759200e+01
6.329600e+01
6.402400e+01
1.728480e+02
1.958480e+02
1.530320e+02
1.289600e+02
1.581600e+02
1.429760e+02
1.586000e+02
1.352000e+02
1.045680e+02
1.193440e+02
1.667680e+02
1.688080e+02
1.695200e+02
1.589520e+02
1.563280e+02
1.648640e+02
1.704480e+02
1.832960e+02
1.782960e+02
1.935200e+02
2.653920e+02
3.524240e+02
2.134240e+02
2.110480e+02
1.434560e+02
1.209200e+02
1.551920e+02
1.447600e+02
1.584320e+02
1.834880e+02
1.249680e+02
1.516960e+02
1.042560e+02
1.166800e+02
1.341680e+02
1.938560e+02
2.010800e+02
1.760400e+02
1.659600e+02
1.533200e+02
1.276320e+02
1.742480e+02
2.226640e+02
1.950400e+02
1.997200e+02
2.082720e+02
1.459920e+02
7.578400e+01
9.704800e+01
9.608800e+01
1.982080e+02
1.552800e+02
1.915120e+02
2.130720e+02
1.772240e+02
1.602240e+02
1.584880e+02
2.840640e+02
2.662240e+02
2.411360e+02
2.781360e+02
3.121200e+02
2.662480e+02
2.519360e+02
2.423680e+02
2.353280e+02
1.839920e+02
8.854400e+01
5.381600e+01
5.432800e+01
5.528800e+01
9.123200e+01
1.750560e+02
1.801920e+02
3.156960e+02
2.920640e+02
2.769120e+02
1.236400e+02
1.475040e+02
2.166160e+02
2.638080e+02
1.793200e+02
1.392320e+02
252
2.727680e+02
1.861840e+02
3.434240e+02
3.695200e+02
4.210480e+02
1.979840e+02
1.271840e+02
1.317520e+02
1.074480e+02
6.948000e+01
9.492000e+01
7.835200e+01
7.520800e+01
6.416000e+01
2.478160e+02
2.225760e+02
1.080320e+02
6.517600e+01
8.090400e+01
1.508000e+02
3.130560e+02
2.553680e+02
2.072400e+02
1.030080e+02
6.289600e+01
4.411200e+01
1.066000e+02
1.443360e+02
2.230640e+02
1.786560e+02
1.934960e+02
1.339280e+02
1.293200e+02
8.972800e+01
7.328800e+01
4.196800e+01
3.916800e+01
4.012800e+01
65
7.716800e+01
8.612800e+01
6.641600e+01
6.316800e+01
7.599200e+01
6.162400e+01
7.266400e+01
6.551200e+01
1.122240e+02
1.173360e+02
1.068880e+02
1.037680e+02
6.265600e+01
3.448000e+01
6.970400e+01
8.350400e+01
1.016880e+02
1.446000e+02
1.173680e+02
3.342400e+01
5.953600e+01
6.514400e+01
4.812000e+01
4.688800e+01
5.095200e+01
4.360000e+01
3.780800e+01
3.896000e+01
3.419200e+01
2.783200e+01
2.696000e+01
2.755200e+01
7.720800e+01
9.210400e+01
9.384800e+01
8.474400e+01
3.725600e+01
1.170240e+02
1.201840e+02
1.371440e+02
1.324640e+02
9.128000e+01
5.807200e+01
4.924000e+01
5.483200e+01
9.303200e+01
7.698400e+01
5.739200e+01
4.849600e+01
5.878400e+01
5.214400e+01
6.880800e+01
7.720800e+01
1.869680e+02
1.832720e+02
1.550480e+02
3.018240e+02
3.587520e+02
3.454800e+02
1.543280e+02
3.065200e+02
2.954000e+02
2.873600e+02
2.509600e+02
1.876720e+02
1.126320e+02
1.593040e+02
1.540720e+02
8.701600e+01
8.298400e+01
8.292000e+01
9.112000e+01
2.274880e+02
2.078720e+02
1.397840e+02
2.415120e+02
2.173600e+02
1.652160e+02
1.477440e+02
1.877040e+02
2.090480e+02
1.909440e+02
1.408880e+02
1.165280e+02
9.016000e+01
8.740000e+01
8.385600e+01
1.115440e+02
1.557920e+02
1.568960e+02
1.247440e+02
1.638240e+02
1.721920e+02
1.595120e+02
1.246080e+02
9.657600e+01
9.499200e+01
9.071200e+01
8.842400e+01
7.972000e+01
7.224000e+01
6.076000e+01
8.456800e+01
1.489040e+02
2.315200e+02
2.897600e+02
2.552720e+02
1.536320e+02
1.010080e+02
9.647200e+01
1.012560e+02
1.214320e+02
1.170240e+02
6.563200e+01
6.915200e+01
7.483200e+01
7.968800e+01
1.313440e+02
1.543280e+02
2.151040e+02
2.392880e+02
2.857760e+02
2.871360e+02
2.402560e+02
1.773040e+02
2.362240e+02
1.374400e+02
2.163760e+02
2.254720e+02
1.639040e+02
1.838560e+02
1.889520e+02
1.950080e+02
1.492960e+02
1.960720e+02
1.847120e+02
2.600880e+02
2.540480e+02
2.423760e+02
2.006960e+02
1.818080e+02
1.764240e+02
1.934960e+02
1.793280e+02
1.818800e+02
1.072800e+02
1.482480e+02
1.331280e+02
1.287600e+02
1.273200e+02
1.472400e+02
1.474640e+02
1.407760e+02
1.476880e+02
1.625280e+02
1.696960e+02
2.313120e+02
2.616560e+02
1.684880e+02
1.358080e+02
1.572400e+02
1.630800e+02
1.970880e+02
1.291440e+02
1.446960e+02
1.602000e+02
1.281280e+02
2.073680e+02
7.440800e+01
1.950880e+02
2.197360e+02
1.427760e+02
1.052720e+02
1.296080e+02
1.306880e+02
1.156160e+02
1.036160e+02
1.733280e+02
3.813360e+02
5.045280e+02
4.126720e+02
2.823600e+02
1.970160e+02
1.926560e+02
3.476800e+01
1.910880e+02
5.843840e+02
8.412720e+02
7.674640e+02
9.596000e+01
1.204320e+02
1.096720e+02
1.232800e+02
1.212400e+02
1.113600e+02
1.138320e+02
1.358880e+02
2.088240e+02
2.316160e+02
2.306720e+02
1.814080e+02
1.307840e+02
1.140160e+02
9.988000e+01
79
7.629600e+01
1.038400e+02
1.548320e+02
1.800160e+02
1.867760e+02
1.199280e+02
7.147200e+01
185
4.015440e+02
3.835680e+02
4.104400e+02
3.548720e+02
2.850240e+02
3.218080e+02
3.884320e+02
4.570160e+02
5.412880e+02
4.342240e+02
3.727440e+02
2.837840e+02
2.736480e+02
2.801840e+02
2.204400e+02
2.109760e+02
2.555680e+02
3.893120e+02
3.296240e+02
3.759280e+02
4.162080e+02
4.835840e+02
4.934640e+02
3.967600e+02
4.026240e+02
3.424720e+02
2.549200e+02
2.107360e+02
1.952000e+02
3.134000e+02
3.466160e+02
3.290080e+02
2.067920e+02
2.069360e+02
2.014800e+02
1.801040e+02
6.874400e+01
1.063600e+02
2.187680e+02
2.058800e+02
9.933600e+01
8.184000e+01
1.061680e+02
2.816960e+02
3.850880e+02
2.869120e+02
2.545440e+02
2.284000e+02
2.204080e+02
2.089680e+02
2.070160e+02
2.240880e+02
2.465280e+02
2.647360e+02
2.234400e+02
1.951520e+02
2.287760e+02
1.982720e+02
2.104400e+02
2.129680e+02
2.513440e+02
2.638960e+02
2.723680e+02
2.891600e+02
2.412320e+02
1.711760e+02
1.919200e+02
2.496160e+02
1.582400e+02
2.001600e+02
1.050720e+02
1.027520e+02
1.708000e+02
2.539280e+02
2.163120e+02
1.811920e+02
1.825440e+02
1.868560e+02
1.881520e+02
2.229280e+02
2.078560e+02
2.732960e+02
5.737600e+01
1.142240e+02
2.925200e+02
6.640800e+01
1.575360e+02
2.931040e+02
2.071200e+02
1.633120e+02
1.668080e+02
1.361280e+02
2.264400e+02
3.114880e+02
2.571280e+02
3.183520e+02
3.308160e+02
1.407920e+02
1.596000e+02
1.130160e+02
1.120720e+02
9.494400e+01
1.157600e+02
3.519520e+02
2.809600e+02
2.735120e+02
2.303760e+02
2.065120e+02
2.200320e+02
1.941920e+02
2.310080e+02
2.168000e+02
2.478000e+02
2.482240e+02
2.846960e+02
3.268720e+02
2.727200e+02
2.444400e+02
2.480320e+02
2.220800e+02
1.772640e+02
176
2.115680e+02
1.925920e+02
2.509040e+02
2.425760e+02
2.633840e+02
2.986320e+02
2.493200e+02
2.469520e+02
2.912640e+02
2.717200e+02
3.380160e+02
2.673440e+02
1.989520e+02
2.035040e+02
1.809120e+02
2.129280e+02
1.751520e+02
1.471120e+02
1.460640e+02
1.536400e+02
2.293600e+02
2.931440e+02
2.546000e+02
2.058560e+02
1.555040e+02
1.754960e+02
1.130800e+02
1.276880e+02
1.740800e+02
1.921920e+02
1.347600e+02
1.082000e+02
1.066800e+02
1.082320e+02
1.180240e+02
1.356880e+02
8.048800e+01
1.355760e+02
1.478560e+02
1.344880e+02
1.209040e+02
1.869040e+02
1.675040e+02
2.189280e+02
2.076320e+02
2.389520e+02
2.199760e+02
230
1.815360e+02
1.279600e+02
1.315760e+02
1.529920e+02
1.399600e+02
1.340080e+02
1.351120e+02
1.303120e+02
8.038400e+01
1.969760e+02
3.046000e+02
2.969440e+02
5.625280e+02
3.498400e+02
2.320880e+02
1.434960e+02
1.372160e+02
3.058640e+02
2.019120e+02
1.096000e+02
1.461360e+02
3.634080e+02
3.913840e+02
1.067120e+02
1.035680e+02
8.843200e+01
1.074880e+02
1.383680e+02
1.630080e+02
2.130800e+02
2.757600e+02
2.393600e+02
1.475760e+02
1.595520e+02
1.193440e+02
1.724560e+02
2.639920e+02
4.505120e+02
5.802400e+01
1.292560e+02
1.848880e+02
2.203600e+02
2.233280e+02
2.226800e+02
1.878400e+02
1.929680e+02
1.525520e+02
1.248880e+02
1.263840e+02
1.639040e+02
3.622400e+02
7.245280e+02
2.163680e+02
3.326400e+01
3.637600e+01
1.342240e+02
1.371120e+02
9.292800e+01
1.753360e+02
2.684880e+02
2.890320e+02
2.490720e+02
2.511600e+02
3.333760e+02
2.720480e+02
3.056000e+02
2.687360e+02
2.492320e+02
2.260080e+02
1.787680e+02
1.591520e+02
1.851840e+02
2.088160e+02
2.916880e+02
2.948480e+02
2.078880e+02
1.958400e+02
2.395520e+02
3.039360e+02
3.257760e+02
3.671680e+02
3.330160e+02
2.787680e+02
8.943200e+01
1.603600e+02
1.719600e+02
1.822160e+02
1.997840e+02
2.020720e+02
1.956880e+02
1.776640e+02
1.216800e+02
5.590400e+01
7.041600e+01
1.154480e+02
8.632000e+01
4.770400e+01
5.290400e+01
6.623200e+01
5.621600e+01
1.102880e+02
1.000880e+02
1.318640e+02
9.234400e+01
9.527200e+01
1.304880e+02
1.365600e+02
6.602400e+01
7.068800e+01
1.086880e+02
1.043920e+02
1.312640e+02
1.615840e+02
1.589920e+02
1.184400e+02
1.381280e+02
1.087360e+02
1.297040e+02
9.942400e+01
8.032000e+01
8.140000e+01
8.522400e+01
7.236000e+01
8.691200e+01
8.511200e+01
1.206640e+02
1.198480e+02
1.209520e+02
9.974400e+01
6.787200e+01
9.838400e+01
8.910400e+01
7.020000e+01
9.680000e+01
8.009600e+01
1.058080e+02
8.452000e+01
1.369600e+02
9.856000e+01
8.958400e+01
8.368800e+01
9.931200e+01
7.976800e+01
4.229600e+01
5.446400e+01
7.006400e+01
7.253600e+01
1.649760e+02
3.887840e+02
3.085440e+02
2.032000e+02
2.989280e+02
4.021600e+02
4.439600e+02
5.047200e+02
4.142320e+02
2.508960e+02
3.028160e+02
3.360880e+02
3.816080e+02
4.146800e+02
3.571040e+02
3.379760e+02
3.588800e+02
3.826240e+02
3.475600e+02
3.490720e+02
4.046560e+02
4.091760e+02
4.107440e+02
5.012320e+02
4.829360e+02
4.255760e+02
4.113200e+02
5.029360e+02
4.341760e+02
3.983520e+02
3.177280e+02
313
3.505360e+02
3.859680e+02
3.492000e+02
3.904080e+02
3.510800e+02
3.951360e+02
4.058960e+02
3.700960e+02
4.516560e+02
4.143680e+02
3.480880e+02
3.752960e+02
2.793280e+02
3.125440e+02
3.116240e+02
3.258720e+02
3.574880e+02
4.193360e+02
3.946400e+02
3.179680e+02
2.837440e+02
2.728960e+02
2.779440e+02
3.565920e+02
3.177360e+02
2.507440e+02
2.126480e+02
2.248160e+02
2.491600e+02
2.516320e+02
2.157840e+02
2.009600e+02
1.515520e+02
1.479280e+02
1.321280e+02
1.034160e+02
8.309600e+01
9.790400e+01
1.639200e+02
1.146000e+02
1.584240e+02
1.819280e+02
2.355360e+02
1.801520e+02
1.976800e+02
1.875360e+02
1.983760e+02
2.307920e+02
1.551120e+02
1.507680e+02
1.898080e+02
2.054640e+02
2.021040e+02
1.912800e+02
2.193760e+02
2.020320e+02
2.455440e+02
2.821520e+02
2.051040e+02
2.187520e+02
1.983520e+02
1.298720e+02
1.279520e+02
1.362400e+02
1.493520e+02
1.713440e+02
1.770560e+02
1.852560e+02
2.001200e+02
1.997680e+02
1.761920e+02
1.797760e+02
1.934640e+02
2.133200e+02
2.187120e+02
2.038960e+02
6.249600e+01
6.547200e+01
6.535200e+01
7.128000e+01
7.342400e+01
8.826400e+01
5.313600e+01
5.209600e+01
5.283200e+01
5.346400e+01
5.384800e+01
5.232000e+01
4.891200e+01
6.084800e+01
2.100560e+02
2.209760e+02
2.693760e+02
2.945840e+02
2.968960e+02
2.594480e+02
1.915920e+02
1.739680e+02
1.597600e+02
1.177040e+02
1.983520e+02
1.703440e+02
2.546880e+02
3.153360e+02
1.913360e+02
2.037440e+02
1.692640e+02
1.383840e+02
1.027760e+02
1.863760e+02
2.896960e+02
4.062000e+02
3.727120e+02
2.467760e+02
1.469360e+02
5.622880e+02
2.475600e+02
1.717120e+02
1.577360e+02
1.133760e+02
1.148640e+02
1.185280e+02
1.239440e+02
1.161120e+02
1.127120e+02
1.163760e+02
8.217600e+01
1.011280e+02
1.104880e+02
2.240080e+02
1.093280e+02
9.428000e+01
9.965600e+01
1.332320e+02
1.626320e+02
1.738560e+02
1.608480e+02
1.590800e+02
1.751360e+02
1.559120e+02
1.863760e+02
1.954720e+02
2.151120e+02
1.961920e+02
2.233920e+02
2.738320e+02
3.144400e+02
2.374080e+02
3.345680e+02
1.618320e+02
1.759920e+02
2.414800e+02
3.406640e+02
1.579440e+02
1.376320e+02
8.548000e+01
1.135040e+02
1.725680e+02
9.310400e+01
6.510400e+01
7.237600e+01
9.797600e+01
1.285120e+02
1.061840e+02
1.298160e+02
2.381600e+02
1.676720e+02
1.125040e+02
2.064240e+02
2.278240e+02
1.546960e+02
1.621040e+02
2.132320e+02
1.790560e+02
1.390320e+02
1.747600e+02
9.128000e+01
1.290160e+02
1.377040e+02
9.952800e+01
1.566960e+02
1.869280e+02
1.049520e+02
8.352000e+01
2.358800e+02
1.986080e+02
1.858800e+02
2.325360e+02
1.357200e+02
1.714480e+02
1.383280e+02
1.477520e+02
1.360880e+02
1.331680e+02
1.374960e+02
1.302880e+02
1.415360e+02
7.924800e+01
8.079200e+01
1.371040e+02
1.598240e+02
1.638240e+02
2.102400e+02
1.919520e+02
1.193680e+02
1.292560e+02
1.533040e+02
1.255600e+02
5.423200e+01
8.715200e+01
7.415200e+01
6.509600e+01
6.752800e+01
144
2.317280e+02
2.732640e+02
1.126480e+02
9.685600e+01
8.436000e+01
1.389760e+02
1.446880e+02
1.912960e+02
2.014720e+02
2.354240e+02
1.553680e+02
6.458400e+01
7.374400e+01
6.851200e+01
6.713600e+01
7.552000e+01
7.796800e+01
7.684000e+01
1.861920e+02
2.043920e+02
9.090400e+01
2.185200e+02
9.964000e+01
9.198400e+01
6.392000e+01
6.837600e+01
8.464000e+01
8.565600e+01
6.525600e+01
5.540000e+01
5.934400e+01
9.139200e+01
1.704080e+02
1.652800e+02
1.783200e+02
1.877680e+02
1.028400e+02
1.290080e+02
5.406400e+01
6.905600e+01
1.582080e+02
1.686720e+02
1.625200e+02
1.712320e+02
9.992000e+01
149
7.993600e+01
8.670400e+01
6.093600e+01
9.252800e+01
7.308000e+01
8.628800e+01
1.160960e+02
1.243360e+02
1.734800e+02
1.381040e+02
1.118720e+02
4.965600e+01
4.784800e+01
8.513600e+01
8.100800e+01
1.255360e+02
1.153520e+02
1.174480e+02
1.336320e+02
1.183280e+02
1.729760e+02
2.238960e+02
2.177520e+02
1.676640e+02
2.027120e+02
2.015920e+02
1.719360e+02
1.440240e+02
1.556400e+02
1.768560e+02
8.535200e+01
1.239840e+02
1.164880e+02
1.029120e+02
1.172240e+02
1.411280e+02
1.316720e+02
7.220800e+01
1.333520e+02
1.297360e+02
1.792560e+02
1.941440e+02
1.478400e+02
2.344080e+02
2.134720e+02
2.349040e+02
2.269760e+02
1.717600e+02
1.196000e+02
8.780800e+01
1.759200e+02
2.278320e+02
1.536160e+02
1.330400e+02
1.525600e+02
1.412640e+02
1.539440e+02
1.446640e+02
1.308560e+02
8.902400e+01
9.093600e+01
1.233520e+02
9.884000e+01
8.635200e+01
1.136400e+02
1.456240e+02
1.096320e+02
8.530400e+01
9.061600e+01
1.201920e+02
1.348160e+02
1.027600e+02
9.146400e+01
5.896000e+01
7.770400e+01
9.467200e+01
8.503200e+01
5.775200e+01
7.440800e+01
118
1.276400e+02
