1.815200e+01
1.928800e+01
2.054400e+01
1.872000e+01
3.543200e+01
5.910400e+01
5.072000e+01
1.153600e+01
2.608800e+01
2.742400e+01
3.565600e+01
3.508000e+01
3.472000e+01
3.564000e+01
3.581600e+01
3.408800e+01
2.051200e+01
2.794400e+01
2.724800e+01
28
2.632800e+01
2.448000e+01
3.185600e+01
3.052800e+01
3.140800e+01
3.132800e+01
3.129600e+01
2.981600e+01
3.032800e+01
3.039200e+01
3.177600e+01
3.056000e+01
3.044000e+01
2.968800e+01
3.141600e+01
2.918400e+01
2.938400e+01
8.693600e+01
6.797600e+01
4.903200e+01
1.209520e+02
1.263440e+02
1.031520e+02
1.944000e+01
1.613600e+01
2.631200e+01
3.005600e+01
3.100800e+01
2.951200e+01
2.864000e+01
2.871200e+01
3.486400e+01
5.808000e+01
5.244000e+01
3.478400e+01
4.935200e+01
7.238400e+01
7.004800e+01
8.088000e+01
8.121600e+01
6.502400e+01
7.073600e+01
6.995200e+01
7.844000e+01
6.770400e+01
5.825600e+01
3.989600e+01
3.642400e+01
5.676000e+01
8.783200e+01
1.145520e+02
1.054240e+02
1.043280e+02
109
1.179280e+02
9.229600e+01
9.964000e+01
7.510400e+01
9.730400e+01
8.080000e+01
8.229600e+01
4.976000e+01
7.110400e+01
9.672000e+01
8.876000e+01
5.150400e+01
2.377600e+01
2.691200e+01
2.203200e+01
2.256000e+01
2.234400e+01
2.171200e+01
2.147200e+01
6.436800e+01
8.592000e+01
9.164800e+01
9.123200e+01
8.890400e+01
9.172800e+01
9.190400e+01
8.467200e+01
9.952000e+01
9.868800e+01
1.029360e+02
1.599440e+02
6.053600e+01
3.964000e+01
1.216800e+01
1.207200e+01
11
1.168800e+01
1.171200e+01
1.291200e+01
1.538400e+01
2.856800e+01
4.793600e+01
1.767200e+01
1.874400e+01
1.784000e+01
1.841600e+01
1.892000e+01
1.880000e+01
2.036800e+01
1.976800e+01
1.991200e+01
2.016800e+01
1.971200e+01
2.092000e+01
2.205600e+01
2.284800e+01
2.095200e+01
2.232000e+01
2.267200e+01
2.252800e+01
2.363200e+01
2.296000e+01
2.234400e+01
2.340800e+01
2.284800e+01
2.328800e+01
3.848000e+01
5.633600e+01
5.483200e+01
1.124080e+02
1.582960e+02
1.430240e+02
1.816000e+02
1.804000e+02
1.624800e+02
9.406400e+01
7.314400e+01
1.763680e+02
3.096800e+02
2.415840e+02
2.163120e+02
2.453040e+02
7.318400e+01
8.917600e+01
1.173680e+02
1.766320e+02
1.181680e+02
1.114400e+02
1.081280e+02
1.056000e+02
1.342000e+02
1.143360e+02
9.907200e+01
4.267200e+01
3.774400e+01
3.583200e+01
4.406400e+01
4.726400e+01
3.424000e+01
5.386400e+01
1.083360e+02
1.130800e+02
1.200880e+02
1.312960e+02
1.465040e+02
1.461440e+02
1.662320e+02
1.141600e+02
9.467200e+01
3.342880e+02
3.520800e+02
3.225840e+02
3.077040e+02
3.021840e+02
3.312880e+02
3.103120e+02
2.903440e+02
2.768320e+02
2.466240e+02
2.070400e+02
2.790240e+02
3.127040e+02
3.308640e+02
1.489920e+02
1.127280e+02
5.970400e+01
7.327200e+01
8.661600e+01
1.081360e+02
1.202160e+02
1.135760e+02
1.101440e+02
7.203200e+01
8.570400e+01
7.216000e+01
7.264000e+01
9.362400e+01
7.548000e+01
9.456000e+01
2.009520e+02
2.257920e+02
2.335520e+02
2.286880e+02
1.957840e+02
1.782160e+02
6.764800e+01
6.955200e+01
7.437600e+01
8.162400e+01
9.140800e+01
1.031840e+02
1.166160e+02
9.673600e+01
9.883200e+01
1.057920e+02
1.038720e+02
1.044080e+02
1.166160e+02
9.740000e+01
1.047040e+02
1.001920e+02
5.236800e+01
6.905600e+01
7.871200e+01
1.677680e+02
1.170880e+02
1.318560e+02
1.601200e+02
1.931200e+02
1.371520e+02
1.885040e+02
1.770480e+02
1.103120e+02
1.308720e+02
1.487520e+02
1.453520e+02
1.931520e+02
1.347280e+02
1.953280e+02
1.384400e+02
1.919840e+02
1.890960e+02
2.049040e+02
1.746800e+02
1.262240e+02
8.499200e+01
1.689280e+02
1.442400e+02
1.859520e+02
6.585600e+01
6.249600e+01
6.021600e+01
5.676000e+01
5.252000e+01
3.994400e+01
3.191200e+01
3.215200e+01
3.212000e+01
3.248800e+01
3.284800e+01
3.240000e+01
33
3.276800e+01
1.042080e+02
7.716000e+01
1.183520e+02
1.094640e+02
1.166480e+02
114
1.176240e+02
1.385120e+02
1.163680e+02
6.807200e+01
4.654400e+01
4.514400e+01
3.474400e+01
5.698400e+01
4.774400e+01
1.021680e+02
1.120320e+02
1.069120e+02
1.158240e+02
1.141680e+02
1.168560e+02
1.424800e+02
1.668400e+02
1.856720e+02
1.714640e+02
1.600480e+02
2.000160e+02
2.258880e+02
1.563040e+02
1.471840e+02
7.704000e+01
1.065760e+02
1.792160e+02
1.674720e+02
1.501200e+02
1.394640e+02
2.106240e+02
2.011200e+02
2.102800e+02
2.429440e+02
2.937680e+02
2.990320e+02
3.258480e+02
3.465760e+02
3.488480e+02
3.607520e+02
3.435040e+02
2.827520e+02
157
1.444000e+02
2.125840e+02
1.471920e+02
2.027600e+02
1.288480e+02
3.516000e+01
9.324000e+01
1.440400e+02
1.493520e+02
3.627600e+02
3.139280e+02
2.499920e+02
1.507360e+02
1.021520e+02
1.054320e+02
1.191760e+02
1.205040e+02
1.138560e+02
1.164480e+02
1.085760e+02
8.672800e+01
5.981600e+01
8.480000e+01
9.763200e+01
8.846400e+01
7.311200e+01
8.500800e+01
8.868800e+01
1.098400e+02
1.450480e+02
1.805840e+02
2.228880e+02
2.037120e+02
1.694400e+02
1.326480e+02
4.596000e+01
4.615200e+01
4.705600e+01
4.654400e+01
4.793600e+01
4.967200e+01
4.865600e+01
4.976000e+01
4.924000e+01
1.269760e+02
2.946320e+02
2.694800e+02
3.248480e+02
3.090240e+02
3.047280e+02
2.964320e+02
2.907440e+02
3.144800e+02
2.584240e+02
2.609360e+02
2.638480e+02
3.789600e+02
3.800160e+02
3.390080e+02
2.744560e+02
2.633360e+02
1.823120e+02
1.321520e+02
1.552880e+02
1.226800e+02
1.784160e+02
1.918880e+02
1.391680e+02
1.049040e+02
1.358320e+02
1.434400e+02
1.295520e+02
1.039200e+02
8.225600e+01
7.528800e+01
2.671280e+02
1.402160e+02
1.861280e+02
2.351120e+02
2.374640e+02
2.418640e+02
2.851360e+02
2.835520e+02
2.559280e+02
2.718080e+02
2.754720e+02
2.670720e+02
2.527840e+02
2.640080e+02
2.623440e+02
2.703120e+02
2.814480e+02
2.300720e+02
1.579680e+02
1.240800e+02
8.532800e+01
9.390400e+01
1.760880e+02
1.885120e+02
1.905520e+02
2.332000e+02
2.505360e+02
3.122080e+02
3.607680e+02
3.690960e+02
3.728720e+02
4.078560e+02
3.545440e+02
3.286160e+02
3.038480e+02
2.866880e+02
2.866160e+02
2.446000e+02
2.306720e+02
2.275440e+02
2.319280e+02
2.478800e+02
2.549840e+02
2.381120e+02
2.367760e+02
2.463600e+02
2.995360e+02
3.652400e+02
2.704480e+02
2.023680e+02
2.074960e+02
1.745920e+02
1.244320e+02
1.245280e+02
1.177200e+02
1.371760e+02
1.900240e+02
1.873680e+02
2.669920e+02
2.673760e+02
2.714560e+02
2.537680e+02
2.242480e+02
3.658160e+02
2.156480e+02
2.808640e+02
2.669840e+02
3.001440e+02
3.564720e+02
2.944880e+02
2.849040e+02
2.657040e+02
3.257840e+02
3.124400e+02
1.613360e+02
1.683760e+02
2.196800e+02
2.359360e+02
1.954160e+02
2.238640e+02
2.812240e+02
1.954400e+02
9.236000e+01
1.841360e+02
1.624160e+02
1.477600e+02
1.082160e+02
1.178080e+02
1.253840e+02
1.357520e+02
1.639920e+02
2.180160e+02
2.337120e+02
2.358320e+02
2.708960e+02
2.300240e+02
2.239920e+02
2.239040e+02
2.031600e+02
1.532080e+02
1.020880e+02
9.980800e+01
1.324400e+02
239
2.357280e+02
1.914400e+02
1.375200e+02
6.511200e+01
2.105600e+02
3.121040e+02
1.657600e+02
3.014400e+02
2.874800e+02
2.329280e+02
2.390320e+02
2.925760e+02
2.913600e+02
3.045600e+02
3.324640e+02
3.433840e+02
1.931680e+02
1.984320e+02
1.958880e+02
2.021120e+02
1.918320e+02
1.873440e+02
3.201280e+02
3.492800e+02
2.970560e+02
2.354160e+02
3.518560e+02
3.146720e+02
2.822720e+02
2.852400e+02
2.858400e+02
2.064640e+02
2.072560e+02
2.256800e+02
2.134800e+02
2.451280e+02
4.007520e+02
4.536960e+02
4.360240e+02
4.173200e+02
4.222400e+02
4.541840e+02
4.718320e+02
2.372880e+02
1.665040e+02
1.549840e+02
1.328240e+02
2.250560e+02
3.480960e+02
3.467200e+02
2.827440e+02
2.690400e+02
2.935120e+02
2.618480e+02
3.164080e+02
3.065280e+02
3.650400e+01
2.264400e+02
3.410960e+02
2.753120e+02
2.270800e+02
2.688880e+02
2.732480e+02
2.796160e+02
2.779200e+02
2.864960e+02
2.488000e+02
2.504640e+02
2.562560e+02
1.271200e+02
9.036800e+01
9.032000e+01
9.052800e+01
9.162400e+01
9.161600e+01
9.012800e+01
1.101840e+02
9.064000e+01
7.737600e+01
7.942400e+01
5.221600e+01
7.224000e+01
5.426400e+01
6.515200e+01
7.626400e+01
7.131200e+01
5.225600e+01
1.378320e+02
1.349680e+02
6.555200e+01
4.747200e+01
6.161600e+01
1.005200e+02
9.968000e+01
9.844000e+01
6.940000e+01
6.958400e+01
6.327200e+01
6.329600e+01
6.212000e+01
1.805680e+02
2.065120e+02
2.004640e+02
1.236400e+02
1.212080e+02
1.224560e+02
1.344480e+02
1.614640e+02
1.113920e+02
7.754400e+01
8.251200e+01
6.350400e+01
6.552800e+01
7.147200e+01
1.260720e+02
3.722880e+02
2.926000e+02
2.266160e+02
1.485680e+02
1.488000e+02
1.525440e+02
1.998400e+02
1.447120e+02
6.941600e+01
2.071120e+02
1.693440e+02
2.160560e+02
4.703920e+02
5.387840e+02
3.280720e+02
1.711200e+02
2.123200e+02
1.199040e+02
1.838160e+02
4.069600e+01
8.302400e+01
2.947200e+01
7.328000e+01
1.205200e+02
1.136240e+02
1.000960e+02
1.246000e+02
1.582000e+02
1.755120e+02
1.318000e+02
1.318240e+02
1.409600e+02
1.062320e+02
1.070960e+02
4.180800e+01
6.540800e+01
1.328080e+02
8.684800e+01
7.760800e+01
1.551280e+02
4.184640e+02
3.633440e+02
3.435120e+02
3.637280e+02
3.437440e+02
1.609200e+02
1.546400e+02
1.735600e+02
1.501280e+02
1.810320e+02
2.143280e+02
2.188960e+02
2.211280e+02
2.267520e+02
2.177120e+02
2.250800e+02
2.209840e+02
1.790080e+02
1.903040e+02
1.562240e+02
1.203360e+02
7.811200e+01
4.084800e+01
4.402400e+01
3.724800e+01
5.190400e+01
5.295200e+01
6.304800e+01
5.816800e+01
6.868000e+01
1.366560e+02
9.909600e+01
4.216000e+01
3.793600e+01
4.693600e+01
7.377600e+01
7.222400e+01
1.167120e+02
1.423920e+02
1.728960e+02
1.145440e+02
7.446400e+01
7.424000e+01
5.238400e+01
8.287200e+01
1.582720e+02
1.150880e+02
8.493600e+01
9.473600e+01
9.285600e+01
3.762400e+01
2.792000e+02
2.100400e+02
2.276240e+02
6.648000e+01
2.680800e+02
4.141600e+02
1.934960e+02
2.091280e+02
2.450320e+02
2.183680e+02
2.122800e+02
1.376160e+02
1.342320e+02
1.922080e+02
7.692800e+01
1.680560e+02
1.474560e+02
1.974880e+02
1.980240e+02
9.864000e+01
7.784000e+01
6.270400e+01
2.714400e+01
1.641600e+01
1.695200e+01
2.168000e+01
4.780000e+01
2.156800e+02
3.416800e+01
3.878400e+01
4.235200e+01
2.633600e+01
2.361600e+01
2.872800e+01
41
4.221600e+01
3.237600e+01
2.408800e+01
3.526400e+02
3.797760e+02
3.058080e+02
1.790560e+02
2.223840e+02
1.601280e+02
1.060560e+02
9.614400e+01
1.141360e+02
9.925600e+01
8.587200e+01
8.916000e+01
9.198400e+01
1.206560e+02
1.293600e+02
8.745600e+01
6.952000e+01
1.302720e+02
1.220240e+02
8.168000e+01
7.808800e+01
9.843200e+01
1.013440e+02
1.089360e+02
1.029920e+02
1.051680e+02
1.150240e+02
1.299840e+02
1.343600e+02
1.616080e+02
1.548720e+02
1.606240e+02
1.312400e+02
1.444560e+02
1.269280e+02
1.204720e+02
1.436320e+02
1.454400e+02
5.148000e+01
5.117600e+01
5.468800e+01
8.834400e+01
9.063200e+01
8.919200e+01
7.181600e+01
8.066400e+01
8.709600e+01
6.260000e+01
8.404800e+01
6.797600e+01
5.332000e+01
4.936800e+01
1.137680e+02
7.896000e+01
7.912800e+01
9.010400e+01
8.853600e+01
7.083200e+01
7.993600e+01
6.623200e+01
7.148000e+01
7.760800e+01
4.612800e+01
6.120800e+01
1.006640e+02
9.040000e+01
8.667200e+01
9.723200e+01
8.546400e+01
4.210400e+01
3.920000e+01
3.529600e+01
4.085600e+01
3.812000e+01
3.697600e+01
5.506400e+01
5.437600e+01
7.708000e+01
7.564800e+01
7.437600e+01
7.223200e+01
7.259200e+01
8.061600e+01
9.452000e+01
7.705600e+01
3.051360e+02
4.373680e+02
1.426320e+02
1.386160e+02
1.406960e+02
9.469600e+01
7.556800e+01
6.988800e+01
5.486400e+01
5.956800e+01
1.086880e+02
9.730400e+01
5.740800e+01
7.128000e+01
8.456800e+01
9.834400e+01
1.005680e+02
1.750320e+02
2.423600e+02
1.739840e+02
1.443600e+02
1.180160e+02
8.783200e+01
8.204000e+01
6.760800e+01
8.040000e+01
6.894400e+01
6.432800e+01
6.548000e+01
7.304000e+01
7.104800e+01
6.420800e+01
6.890400e+01
6.705600e+01
6.316800e+01
7.710400e+01
7.269600e+01
7.627200e+01
7.532000e+01
6.641600e+01
5.258400e+01
4.265600e+01
6.221600e+01
7.605600e+01
7.961600e+01
7.368000e+01
8.818400e+01
1.020640e+02
1.001600e+02
6.764800e+01
7.231200e+01
2.141840e+02
2.233120e+02
1.559280e+02
1.224240e+02
7.420800e+01
4.866400e+01
4.557600e+01
4.293600e+01
4.284000e+01
6.311200e+01
7.043200e+01
6.851200e+01
6.813600e+01
6.799200e+01
8.096800e+01
1.259760e+02
1.576000e+02
1.682560e+02
1.454000e+02
1.337200e+02
1.552960e+02
1.066080e+02
1.108400e+02
1.698800e+02
149
1.759120e+02
1.618320e+02
1.459200e+02
5.974400e+01
7.852800e+01
7.262400e+01
1.052000e+02
9.504000e+01
6.728000e+01
4.647200e+01
5.227200e+01
5.454400e+01
5.804000e+01
5.528000e+01
6.892800e+01
5.453600e+01
6.489600e+01
3.611200e+01
4.132800e+01
4.033600e+01
6.119200e+01
2.372800e+01
1.988800e+01
2.386400e+01
4.420800e+01
4.655200e+01
4.788800e+01
4.925600e+01
5.370400e+01
5.060000e+01
3.064800e+01
1.376800e+01
1.396800e+01
1.737600e+01
2.828800e+01
2.644000e+01
2.600800e+01
2.582400e+01
3.153600e+01
4.744800e+01
3.618400e+01
1.034800e+02
5.928000e+01
9.599200e+01
1.317760e+02
1.279840e+02
1.510800e+02
1.613200e+02
1.019440e+02
9.806400e+01
1.072880e+02
8.435200e+01
1.410240e+02
1.220720e+02
9.101600e+01
6.830400e+01
1.865200e+02
1.490960e+02
9.401600e+01
7.690400e+01
1.347520e+02
1.243440e+02
1.218480e+02
9.514400e+01
1.224000e+02
1.059600e+02
6.439200e+01
8.481600e+01
1.104960e+02
136
1.092960e+02
1.137280e+02
1.087040e+02
1.203600e+02
9.855200e+01
7.690400e+01
1.046960e+02
1.178800e+02
1.290400e+02
9.857600e+01
1.090240e+02
7.432800e+01
1.031520e+02
1.254160e+02
9.581600e+01
1.107280e+02
1.102480e+02
1.012400e+02
6.505600e+01
4.824800e+01
5.810400e+01
102
9.070400e+01
1.088080e+02
8.605600e+01
1.145280e+02
7.511200e+01
6.736000e+01
4.541600e+01
7.622400e+01
1.095920e+02
1.179920e+02
1.207920e+02
1.557520e+02
1.398160e+02
7.683200e+01
8.760000e+01
8.286400e+01
1.051040e+02
1.405520e+02
1.618480e+02
1.220960e+02
78
5.336000e+01
4.932000e+01
6.312000e+01
1.349040e+02
9.047200e+01
7.388800e+01
7.880800e+01
8.329600e+01
5.119200e+01
7.441600e+01
1.470960e+02
7.363200e+01
4.633600e+01
1.611920e+02
1.636480e+02
1.582080e+02
1.821840e+02
1.574080e+02
1.655840e+02
1.154560e+02
1.333440e+02
1.511040e+02
9.155200e+01
6.521600e+01
9.892800e+01
6.432000e+01
5.612800e+01
5.173600e+01
4.870400e+01
4.494400e+01
4.647200e+01
1.266640e+02
1.318640e+02
1.009280e+02
7.868000e+01
9.337600e+01
8.729600e+01
1.016640e+02
8.687200e+01
6.868000e+01
7.881600e+01
1.096320e+02
1.058960e+02
1.058960e+02
9.941600e+01
9.804800e+01
1.003440e+02
1.041920e+02
1.121200e+02
1.107040e+02
1.197920e+02
1.535680e+02
2.188080e+02
1.320400e+02
1.365280e+02
9.750400e+01
8.308800e+01
1.108800e+02
1.024400e+02
1.088000e+02
1.208800e+02
8.728800e+01
1.007760e+02
7.252000e+01
8.156800e+01
9.941600e+01
1.360720e+02
1.407120e+02
1.254160e+02
1.105600e+02
1.083440e+02
8.720800e+01
1.155680e+02
1.479440e+02
1.340480e+02
1.373360e+02
1.400800e+02
1.007120e+02
5.368000e+01
6.775200e+01
7.018400e+01
1.398480e+02
9.688800e+01
1.193520e+02
1.295360e+02
1.132640e+02
1.059360e+02
1.046320e+02
169
1.589280e+02
1.459760e+02
1.685440e+02
1.933920e+02
1.604240e+02
1.459520e+02
1.417840e+02
1.411360e+02
1.065680e+02
5.939200e+01
3.843200e+01
3.808000e+01
4.026400e+01
5.796000e+01
9.534400e+01
1.004640e+02
1.738080e+02
1.590800e+02
1.530800e+02
8.162400e+01
9.312000e+01
1.294880e+02
1.545520e+02
1.101440e+02
8.578400e+01
1.595440e+02
1.689360e+02
1.213440e+02
2.141280e+02
2.286080e+02
2.667840e+02
1.275440e+02
8.232800e+01
8.656000e+01
7.186400e+01
4.527200e+01
5.915200e+01
4.956800e+01
4.761600e+01
4.013600e+01
1.544000e+02
1.358320e+02
7.279200e+01
4.156800e+01
52
9.656000e+01
2.068560e+02
1.650400e+02
1.321680e+02
6.258400e+01
4.060800e+01
3.007200e+01
6.364800e+01
8.446400e+01
1.378640e+02
1.142720e+02
1.174240e+02
6.996800e+01
6.635200e+01
5.388800e+01
4.581600e+01
2.696800e+01
2.630400e+01
2.797600e+01
4.556800e+01
5.440000e+01
5.678400e+01
4.244800e+01
3.768800e+01
4.843200e+01
3.694400e+01
4.385600e+01
4.728000e+01
7.052000e+01
7.174400e+01
6.584000e+01
6.438400e+01
4.009600e+01
2.404800e+01
4.052800e+01
4.662400e+01
5.104800e+01
7.177600e+01
6.450400e+01
2.268000e+01
3.736000e+01
3.894400e+01
2.810400e+01
2.622400e+01
2.802400e+01
2.587200e+01
2.256000e+01
2.397600e+01
2.192000e+01
1.854400e+01
1.832800e+01
1.879200e+01
5.359200e+01
6.477600e+01
6.402400e+01
5.766400e+01
2.823200e+01
7.246400e+01
7.286400e+01
8.705600e+01
8.039200e+01
5.576000e+01
3.658400e+01
3.540800e+01
3.852000e+01
6.479200e+01
5.320800e+01
4.112000e+01
3.596800e+01
4.260800e+01
3.873600e+01
4.780000e+01
5.464800e+01
1.256320e+02
1.115680e+02
9.480000e+01
1.783760e+02
2.025920e+02
1.937280e+02
9.382400e+01
1.747840e+02
1.625920e+02
1.616560e+02
1.496720e+02
1.315360e+02
7.551200e+01
1.080960e+02
1.047120e+02
5.534400e+01
5.399200e+01
5.239200e+01
5.785600e+01
1.432640e+02
1.309600e+02
8.729600e+01
1.532800e+02
1.295760e+02
1.020400e+02
9.524800e+01
1.203120e+02
1.314880e+02
1.157440e+02
8.448000e+01
6.891200e+01
5.321600e+01
5.191200e+01
4.803200e+01
6.755200e+01
1.052080e+02
1.046800e+02
8.551200e+01
1.099280e+02
1.178640e+02
1.102480e+02
8.615200e+01
6.265600e+01
6.292800e+01
6.026400e+01
5.844000e+01
5.244000e+01
4.599200e+01
3.918400e+01
5.501600e+01
1.008080e+02
1.403840e+02
1.675280e+02
1.541920e+02
9.385600e+01
6.379200e+01
6.128000e+01
6.427200e+01
8.412000e+01
8.308800e+01
46
4.772800e+01
4.808800e+01
5.108800e+01
9.317600e+01
1.111040e+02
1.247840e+02
1.417520e+02
1.679760e+02
1.777920e+02
1.478400e+02
1.107200e+02
1.183040e+02
6.857600e+01
1.398560e+02
1.555920e+02
1.106800e+02
1.228160e+02
1.335840e+02
1.272720e+02
9.760000e+01
1.188160e+02
1.112960e+02
1.548000e+02
1.551440e+02
1.473360e+02
1.202960e+02
1.134640e+02
1.081680e+02
1.099760e+02
8.798400e+01
1.124240e+02
6.886400e+01
9.265600e+01
8.180800e+01
8.089600e+01
7.940800e+01
9.172800e+01
9.092000e+01
8.678400e+01
8.920000e+01
1.023120e+02
1.076240e+02
1.559040e+02
1.760240e+02
1.111680e+02
8.952000e+01
9.875200e+01
1.013200e+02
1.272240e+02
8.240000e+01
9.259200e+01
1.006560e+02
79
1.353760e+02
5.832000e+01
1.251200e+02
1.403600e+02
9.912800e+01
6.718400e+01
8.481600e+01
8.092000e+01
7.632800e+01
7.197600e+01
9.743200e+01
2.015920e+02
2.745600e+02
2.364160e+02
1.601120e+02
1.096400e+02
1.071520e+02
2.307200e+01
9.384000e+01
2.887600e+02
4.477840e+02
4.356480e+02
5.548800e+01
6.560800e+01
5.544800e+01
6.400800e+01
6.466400e+01
5.892800e+01
6.412800e+01
7.729600e+01
1.060640e+02
1.163840e+02
1.154000e+02
9.308000e+01
7.201600e+01
6.501600e+01
6.252000e+01
4.744800e+01
3.512000e+01
6.280000e+01
9.722400e+01
9.657600e+01
1.100800e+02
7.242400e+01
3.420800e+01
9.976000e+01
2.296400e+02
2.257680e+02
2.440400e+02
2.257120e+02
1.922880e+02
1.972640e+02
2.118480e+02
2.706960e+02
3.271920e+02
2.499840e+02
2.184720e+02
1.650320e+02
1.611200e+02
1.675680e+02
1.392560e+02
1.347760e+02
1.627440e+02
2.322480e+02
2.067840e+02
2.215680e+02
2.299280e+02
2.718160e+02
2.853360e+02
2.360320e+02
2.437600e+02
2.032880e+02
1.617120e+02
1.382800e+02
1.285200e+02
1.864880e+02
2.070880e+02
1.972720e+02
1.248880e+02
1.316480e+02
1.269440e+02
1.190720e+02
4.770400e+01
7.076000e+01
1.426640e+02
1.458160e+02
7.325600e+01
6.142400e+01
7.428800e+01
1.765600e+02
2.277440e+02
1.697200e+02
1.523200e+02
1.388320e+02
1.354400e+02
1.316400e+02
1.373760e+02
1.499760e+02
1.582240e+02
1.733360e+02
1.529760e+02
1.182240e+02
1.394640e+02
1.164880e+02
1.208640e+02
1.203440e+02
1.435840e+02
1.452000e+02
1.463280e+02
1.589040e+02
1.437200e+02
1.090320e+02
1.226480e+02
1.608880e+02
1.028080e+02
1.271520e+02
5.996800e+01
5.841600e+01
9.621600e+01
1.476800e+02
1.266720e+02
1.075200e+02
1.074720e+02
1.098800e+02
1.127680e+02
1.323360e+02
1.304880e+02
172
3.488000e+01
6.623200e+01
1.682080e+02
4.549600e+01
96
1.732800e+02
1.289840e+02
9.888800e+01
1.054080e+02
8.540800e+01
1.361600e+02
1.931440e+02
1.502560e+02
1.950080e+02
2.177120e+02
9.171200e+01
1.065840e+02
6.706400e+01
7.133600e+01
5.585600e+01
6.533600e+01
2.001200e+02
1.724720e+02
1.662320e+02
1.362160e+02
1.250960e+02
1.397680e+02
1.216160e+02
1.434240e+02
1.387760e+02
1.585200e+02
1.451040e+02
1.663440e+02
1.912560e+02
1.504080e+02
1.378720e+02
1.474400e+02
1.308400e+02
9.964800e+01
1.004320e+02
1.220480e+02
1.081360e+02
1.524640e+02
1.333680e+02
1.390160e+02
1.571040e+02
1.348320e+02
1.376800e+02
1.653120e+02
1.575360e+02
2.221680e+02
1.684560e+02
1.299440e+02
1.255360e+02
1.134320e+02
1.343200e+02
1.111520e+02
9.416800e+01
8.996800e+01
9.196000e+01
1.342960e+02
1.785920e+02
1.641920e+02
1.317040e+02
9.904000e+01
1.119680e+02
6.836000e+01
7.632800e+01
1.075200e+02
1.204000e+02
8.766400e+01
6.844000e+01
6.207200e+01
6.662400e+01
6.944800e+01
7.604000e+01
5.144000e+01
8.899200e+01
8.510400e+01
8.017600e+01
7.020000e+01
1.189440e+02
1.046640e+02
1.352320e+02
1.184160e+02
1.347120e+02
1.224960e+02
1.305280e+02
1.006320e+02
7.052800e+01
7.186400e+01
8.318400e+01
7.747200e+01
8.639200e+01
8.559200e+01
8.313600e+01
5.477600e+01
1.030080e+02
1.738320e+02
1.904560e+02
3.375040e+02
2.212240e+02
1.527360e+02
9.826400e+01
9.121600e+01
2.049280e+02
1.333600e+02
7.645600e+01
9.902400e+01
2.268240e+02
2.364720e+02
7.348800e+01
7.548800e+01
6.308000e+01
7.517600e+01
9.737600e+01
1.052320e+02
1.424720e+02
1.736400e+02
1.487600e+02
9.282400e+01
1.037920e+02
7.947200e+01
1.085680e+02
1.574320e+02
2.642480e+02
4.060000e+01
7.815200e+01
1.106800e+02
1.312000e+02
1.369600e+02
1.412160e+02
1.173840e+02
1.260240e+02
1.015200e+02
8.316800e+01
8.479200e+01
1.036640e+02
2.397680e+02
4.007360e+02
1.300960e+02
2.311200e+01
2.370400e+01
9.206400e+01
9.170400e+01
62
1.131760e+02
1.640960e+02
1.781120e+02
1.532160e+02
1.543120e+02
2.031280e+02
1.686480e+02
1.874160e+02
1.660160e+02
1.538800e+02
1.388800e+02
1.139280e+02
1.025920e+02
1.052880e+02
1.198160e+02
1.711520e+02
1.889840e+02
1.334800e+02
1.256880e+02
1.508720e+02
1.801280e+02
1.950720e+02
2.206320e+02
2.063440e+02
1.766800e+02
6.104000e+01
9.764800e+01
1.053440e+02
1.052800e+02
1.185680e+02
1.231920e+02
1.216320e+02
1.039760e+02
7.456800e+01
3.931200e+01
5.030400e+01
8.181600e+01
6.097600e+01
3.592800e+01
4.015200e+01
4.744000e+01
4.202400e+01
7.275200e+01
6.788800e+01
9.249600e+01
6.449600e+01
6.441600e+01
9.188800e+01
9.971200e+01
4.825600e+01
5.309600e+01
8.008000e+01
7.387200e+01
1.000800e+02
1.190880e+02
1.131760e+02
7.028000e+01
8.475200e+01
6.489600e+01
8.408800e+01
6.484800e+01
5.027200e+01
5.021600e+01
5.472000e+01
4.857600e+01
6.011200e+01
5.892800e+01
8.075200e+01
8.069600e+01
8.028000e+01
6.535200e+01
4.792800e+01
6.834400e+01
6.195200e+01
5.098400e+01
7.022400e+01
5.594400e+01
7.760800e+01
6.032800e+01
9.706400e+01
7.034400e+01
6.436000e+01
5.775200e+01
7.307200e+01
5.888000e+01
3.178400e+01
4.058400e+01
4.812000e+01
4.996800e+01
1.076960e+02
2.546640e+02
1.958800e+02
1.229920e+02
1.840160e+02
2.536000e+02
2.719120e+02
3.067040e+02
2.580960e+02
1.505280e+02
1.784080e+02
1.906640e+02
2.237760e+02
2.374880e+02
1.958080e+02
1.967840e+02
2.193760e+02
2.267920e+02
2.089680e+02
2.107600e+02
2.372160e+02
2.266560e+02
2.260160e+02
2.833600e+02
2.820720e+02
2.589600e+02
2.526160e+02
3.166080e+02
2.629680e+02
2.406800e+02
1.946800e+02
1.889200e+02
2.183280e+02
2.444080e+02
2.143200e+02
2.418240e+02
2.162000e+02
2.366000e+02
2.377200e+02
2.106240e+02
2.615680e+02
2.374240e+02
1.946560e+02
2.262800e+02
1.749200e+02
1.904720e+02
1.929680e+02
1.947840e+02
2.112160e+02
2.376640e+02
2.242560e+02
1.896320e+02
1.700640e+02
1.666080e+02
1.759520e+02
2.365440e+02
2.156960e+02
1.638160e+02
1.346640e+02
1.433840e+02
1.526320e+02
1.503600e+02
1.297920e+02
1.200800e+02
1.041760e+02
9.845600e+01
8.772000e+01
7.039200e+01
5.768000e+01
6.892000e+01
1.124000e+02
7.795200e+01
1.104640e+02
1.242960e+02
1.553360e+02
1.132560e+02
1.150880e+02
1.033120e+02
1.096320e+02
1.322400e+02
9.636800e+01
9.688800e+01
1.188560e+02
1.286160e+02
1.258000e+02
1.220560e+02
1.366160e+02
1.235360e+02
1.504080e+02
1.744160e+02
1.280480e+02
1.358800e+02
1.196960e+02
7.808000e+01
7.461600e+01
7.769600e+01
8.493600e+01
1.030160e+02
1.043760e+02
1.110720e+02
1.208960e+02
1.224400e+02
1.055520e+02
1.088000e+02
1.130640e+02
1.264080e+02
1.315120e+02
1.243440e+02
4.361600e+01
4.571200e+01
4.503200e+01
4.837600e+01
4.968000e+01
5.840000e+01
3.701600e+01
3.683200e+01
3.658400e+01
3.713600e+01
3.720800e+01
3.721600e+01
3.501600e+01
4.071200e+01
1.222960e+02
1.351120e+02
1.789920e+02
1.945600e+02
1.979360e+02
1.649760e+02
1.159360e+02
1.060880e+02
9.740800e+01
7.151200e+01
1.302240e+02
1.206480e+02
1.762480e+02
2.024640e+02
1.199360e+02
1.283360e+02
1.080720e+02
8.815200e+01
7.239200e+01
1.282000e+02
1.818480e+02
2.454000e+02
2.259920e+02
1.517120e+02
8.986400e+01
3.377680e+02
1.472880e+02
1.087040e+02
8.992000e+01
6.456000e+01
6.375200e+01
6.640800e+01
7.071200e+01
6.678400e+01
6.472000e+01
6.661600e+01
5.048800e+01
6.221600e+01
71
1.384240e+02
6.090400e+01
5.248000e+01
5.443200e+01
6.919200e+01
8.411200e+01
9.023200e+01
9.107200e+01
8.976000e+01
9.492800e+01
8.249600e+01
1.015520e+02
1.139280e+02
1.222720e+02
1.153520e+02
1.284960e+02
1.604640e+02
1.913440e+02
1.523440e+02
2.035120e+02
8.358400e+01
9.078400e+01
1.253280e+02
2.040160e+02
1.019360e+02
8.735200e+01
5.342400e+01
7.509600e+01
1.166240e+02
5.881600e+01
4.276800e+01
4.639200e+01
6.384000e+01
8.857600e+01
7.261600e+01
8.751200e+01
1.622000e+02
1.203440e+02
8.072800e+01
1.332720e+02
1.361200e+02
9.601600e+01
1.092480e+02
1.453200e+02
1.194320e+02
1.017040e+02
1.228800e+02
6.128800e+01
8.875200e+01
9.806400e+01
6.621600e+01
1.112800e+02
1.250400e+02
7.290400e+01
5.716800e+01
1.546640e+02
1.252960e+02
1.171120e+02
1.472880e+02
8.596000e+01
1.039840e+02
8.408800e+01
8.896000e+01
8.312000e+01
8.168800e+01
8.476800e+01
8.066400e+01
8.512800e+01
4.568800e+01
4.696800e+01
8.356800e+01
9.949600e+01
1.019120e+02
1.269360e+02
1.158480e+02
6.483200e+01
7.231200e+01
1.072080e+02
8.119200e+01
3.967200e+01
6.222400e+01
5.428000e+01
4.782400e+01
4.984800e+01
9.796800e+01
1.447280e+02
1.646400e+02
8.287200e+01
6.892800e+01
5.848000e+01
8.977600e+01
9.208800e+01
1.185040e+02
1.231280e+02
1.529280e+02
1.015120e+02
4.737600e+01
5.208800e+01
4.671200e+01
4.546400e+01
5.036800e+01
5.212000e+01
5.171200e+01
1.164480e+02
1.197360e+02
5.629600e+01
1.416960e+02
6.441600e+01
5.597600e+01
4.014400e+01
4.840800e+01
6.244800e+01
6.208000e+01
4.689600e+01
4.021600e+01
4.341600e+01
6.686400e+01
1.196000e+02
1.001120e+02
1.186960e+02
1.278960e+02
7.248000e+01
9.120800e+01
3.902400e+01
4.859200e+01
1.035360e+02
1.137600e+02
1.089360e+02
1.164400e+02
7.103200e+01
1.061920e+02
5.768800e+01
5.856000e+01
4.368800e+01
6.496000e+01
4.930400e+01
5.921600e+01
7.915200e+01
8.668800e+01
1.143440e+02
9.045600e+01
7.632800e+01
3.528800e+01
3.565600e+01
5.839200e+01
5.570400e+01
8.464800e+01
7.929600e+01
7.802400e+01
9.187200e+01
8.196800e+01
1.095520e+02
1.347760e+02
1.287200e+02
1.181680e+02
1.409680e+02
1.378400e+02
1.171440e+02
9.934400e+01
1.080560e+02
1.167360e+02
5.831200e+01
8.592800e+01
7.951200e+01
7.148800e+01
8.116800e+01
9.371200e+01
8.965600e+01
5.238400e+01
9.040000e+01
8.748000e+01
1.157840e+02
1.238240e+02
9.516800e+01
1.529680e+02
1.407680e+02
1.610800e+02
1.618960e+02
1.211520e+02
8.463200e+01
6.184000e+01
1.137920e+02
1.477120e+02
1.042480e+02
9.344800e+01
1.084880e+02
9.747200e+01
1.075280e+02
1.014320e+02
9.160000e+01
5.967200e+01
6.398400e+01
8.479200e+01
6.814400e+01
5.816800e+01
8.190400e+01
9.672800e+01
7.610400e+01
5.947200e+01
6.074400e+01
8.478400e+01
9.336000e+01
6.764000e+01
6.705600e+01
3.962400e+01
5.404800e+01
6.397600e+01
5.782400e+01
4.208800e+01
4.918400e+01
8.223200e+01
9.027200e+01
