1.307200e+01
1.542400e+01
1.457600e+01
1.365600e+01
2.172800e+01
3.086400e+01
2.808000e+01
1.020800e+01
1.667200e+01
1.831200e+01
2.196800e+01
2.280800e+01
2.251200e+01
2.293600e+01
2.227200e+01
2.144000e+01
1.424800e+01
1.799200e+01
1.912800e+01
1.824000e+01
1.756000e+01
1.876000e+01
2.300800e+01
2.247200e+01
2.218400e+01
2.287200e+01
2.264000e+01
2.223200e+01
2.278400e+01
2.216000e+01
2.244000e+01
2.288000e+01
2.227200e+01
2.260000e+01
2.266400e+01
2.193600e+01
2.199200e+01
4.844800e+01
3.227200e+01
2.604000e+01
5.550400e+01
5.256000e+01
4.766400e+01
1.465600e+01
1.426400e+01
1.637600e+01
1.708000e+01
1.825600e+01
1.728000e+01
1.644800e+01
1.664800e+01
1.969600e+01
2.849600e+01
2.220000e+01
1.667200e+01
2.132000e+01
2.931200e+01
3.178400e+01
3.073600e+01
4.128000e+01
3.173600e+01
3.744000e+01
3.656800e+01
4.779200e+01
4.228000e+01
2.854400e+01
2.121600e+01
1.892000e+01
2.392000e+01
3.997600e+01
4.744800e+01
4.804000e+01
4.848800e+01
5.223200e+01
5.372800e+01
4.239200e+01
4.343200e+01
4.682400e+01
4.812000e+01
3.848800e+01
3.769600e+01
3.240000e+01
3.808000e+01
4.649600e+01
4.664000e+01
2.634400e+01
1.690400e+01
1.691200e+01
1.708000e+01
1.733600e+01
1.714400e+01
1.647200e+01
1.683200e+01
2.653600e+01
2.916800e+01
3.092800e+01
3.451200e+01
3.409600e+01
3.408000e+01
3.206400e+01
3.395200e+01
4.809600e+01
5.105600e+01
5.129600e+01
6.066400e+01
2.993600e+01
23
1.048000e+01
1.185600e+01
1.250400e+01
1.191200e+01
1.153600e+01
1.276800e+01
1.285600e+01
1.956000e+01
3.066400e+01
1.448800e+01
1.548000e+01
1.540800e+01
1.527200e+01
1.462400e+01
1.634400e+01
1.478400e+01
1.656000e+01
1.607200e+01
1.595200e+01
1.581600e+01
1.476000e+01
1.576000e+01
1.612000e+01
1.590400e+01
1.565600e+01
1.520800e+01
1.601600e+01
1.637600e+01
1.727200e+01
1.595200e+01
1.724000e+01
1.650400e+01
1.669600e+01
2.392000e+01
3.067200e+01
2.876800e+01
5.020800e+01
7.533600e+01
6.749600e+01
8.695200e+01
7.663200e+01
7.112800e+01
4.072800e+01
3.760800e+01
7.488800e+01
1.336880e+02
9.664800e+01
8.816800e+01
1.096240e+02
3.602400e+01
3.936800e+01
5.614400e+01
7.968000e+01
6.232000e+01
4.166400e+01
4.198400e+01
3.839200e+01
4.870400e+01
4.680000e+01
4.034400e+01
2.199200e+01
2.098400e+01
2.196800e+01
2.470400e+01
2.758400e+01
2.289600e+01
2.271200e+01
5.097600e+01
5.465600e+01
5.674400e+01
6.062400e+01
6.514400e+01
6.247200e+01
6.587200e+01
4.888800e+01
4.246400e+01
1.394720e+02
1.276240e+02
1.020160e+02
9.333600e+01
9.220800e+01
1.079680e+02
1.135920e+02
1.090880e+02
1.053600e+02
1.012880e+02
1.151760e+02
1.430880e+02
1.517200e+02
1.630640e+02
8.053600e+01
5.721600e+01
2.844800e+01
3.847200e+01
4.695200e+01
6.057600e+01
6.417600e+01
6.240800e+01
6.420000e+01
4.180800e+01
5.326400e+01
4.008800e+01
4.065600e+01
4.483200e+01
3.449600e+01
3.744000e+01
7.744800e+01
8.908000e+01
1.007440e+02
1.204720e+02
9.880000e+01
1.000560e+02
3.064000e+01
2.665600e+01
3.097600e+01
3.435200e+01
3.956000e+01
4.456800e+01
4.822400e+01
4.024800e+01
4.058400e+01
4.621600e+01
4.428000e+01
4.536000e+01
5.085600e+01
3.741600e+01
4.057600e+01
4.292000e+01
3.107200e+01
3.822400e+01
4.365600e+01
9.111200e+01
6.873600e+01
7.900800e+01
9.056800e+01
9.807200e+01
7.735200e+01
1.057520e+02
9.298400e+01
6.641600e+01
8.480000e+01
9.001600e+01
7.737600e+01
1.048000e+02
7.661600e+01
1.036480e+02
7.809600e+01
8.364800e+01
8.617600e+01
9.863200e+01
9.804800e+01
7.244800e+01
4.678400e+01
8.393600e+01
8.604000e+01
1.058880e+02
3.604000e+01
3.346400e+01
3.170400e+01
3.044000e+01
2.884800e+01
2.383200e+01
1.960000e+01
2.031200e+01
1.980800e+01
1.948800e+01
1.984000e+01
2.054400e+01
1.988000e+01
2.007200e+01
5.570400e+01
4.406400e+01
6.830400e+01
6.410400e+01
7.062400e+01
6.628800e+01
5.964000e+01
7.700800e+01
6.422400e+01
3.444800e+01
2.557600e+01
2.548800e+01
2.065600e+01
2.876800e+01
2.565600e+01
4.767200e+01
4.928800e+01
4.615200e+01
4.812800e+01
5.148000e+01
5.855200e+01
7.467200e+01
7.993600e+01
9.441600e+01
8.543200e+01
7.131200e+01
9.401600e+01
1.066880e+02
7.080800e+01
6.642400e+01
4.158400e+01
3.868000e+01
5.587200e+01
5.227200e+01
4.716800e+01
4.712000e+01
6.348800e+01
6.163200e+01
6.208800e+01
7.522400e+01
9.309600e+01
9.896800e+01
1.116080e+02
1.155520e+02
1.134640e+02
1.145680e+02
1.094560e+02
1.018080e+02
8.682400e+01
7.561600e+01
1.045280e+02
8.580800e+01
1.059040e+02
7.194400e+01
2.277600e+01
4.986400e+01
7.891200e+01
8.060800e+01
7.450400e+01
7.048000e+01
6.440000e+01
5.847200e+01
4.688800e+01
4.652800e+01
4.503200e+01
4.398400e+01
4.783200e+01
5.066400e+01
4.846400e+01
3.901600e+01
3.359200e+01
4.575200e+01
5.085600e+01
3.905600e+01
3.111200e+01
4.248000e+01
4.409600e+01
5.365600e+01
7.332000e+01
8.411200e+01
1.025680e+02
9.629600e+01
8.022400e+01
6.748800e+01
2.235200e+01
2.277600e+01
2.282400e+01
2.301600e+01
2.321600e+01
2.358400e+01
2.375200e+01
2.377600e+01
2.324000e+01
5.342400e+01
1.123840e+02
1.027440e+02
1.283040e+02
1.259360e+02
1.269360e+02
1.266880e+02
1.226720e+02
1.376880e+02
1.108800e+02
1.079360e+02
1.102720e+02
1.540960e+02
1.928320e+02
1.802800e+02
1.469280e+02
1.464560e+02
9.684000e+01
6.702400e+01
6.806400e+01
4.360000e+01
7.068000e+01
1.017600e+02
7.709600e+01
5.919200e+01
5.690400e+01
5.249600e+01
4.832800e+01
4.429600e+01
4.065600e+01
4.068000e+01
1.270240e+02
4.220800e+01
6.976000e+01
1.048720e+02
9.836800e+01
1.014800e+02
1.228640e+02
1.220160e+02
1.124000e+02
1.149040e+02
1.176880e+02
1.187360e+02
1.135840e+02
1.006880e+02
9.204000e+01
9.423200e+01
9.848000e+01
1.007920e+02
9.425600e+01
7.277600e+01
4.729600e+01
5.434400e+01
6.440800e+01
6.464000e+01
6.869600e+01
8.600800e+01
9.424000e+01
1.188560e+02
1.273360e+02
1.293360e+02
1.317920e+02
1.475280e+02
1.414800e+02
1.454560e+02
1.386720e+02
1.304080e+02
1.326960e+02
1.163760e+02
1.116320e+02
1.100800e+02
1.101520e+02
1.164400e+02
1.201920e+02
1.096000e+02
1.065840e+02
1.203840e+02
1.577040e+02
1.853280e+02
1.370880e+02
7.837600e+01
7.285600e+01
7.240800e+01
6.541600e+01
6.914400e+01
6.448800e+01
7.730400e+01
1.055040e+02
9.308000e+01
1.368640e+02
1.392800e+02
1.260720e+02
1.185920e+02
1.049920e+02
1.848640e+02
1.157760e+02
1.249120e+02
1.222320e+02
1.380480e+02
1.599920e+02
1.311600e+02
1.236880e+02
1.150960e+02
1.413120e+02
1.421440e+02
8.641600e+01
7.984800e+01
8.409600e+01
1.040400e+02
8.673600e+01
1.064960e+02
1.336880e+02
9.611200e+01
4.676800e+01
9.366400e+01
8.191200e+01
7.830400e+01
5.569600e+01
5.463200e+01
5.968800e+01
7.288000e+01
64
8.117600e+01
9.777600e+01
1.286400e+02
1.292560e+02
9.817600e+01
9.719200e+01
9.572000e+01
9.032800e+01
6.816800e+01
4.132800e+01
4.030400e+01
5.396000e+01
1.109440e+02
1.095680e+02
9.211200e+01
6.515200e+01
3.558400e+01
8.295200e+01
1.202480e+02
7.078400e+01
1.144640e+02
1.181680e+02
1.150560e+02
1.213680e+02
1.276400e+02
1.255760e+02
1.305920e+02
1.420960e+02
1.533440e+02
1.124160e+02
1.185360e+02
1.139200e+02
1.175520e+02
1.086640e+02
9.488800e+01
1.388240e+02
1.447120e+02
1.293040e+02
1.059840e+02
1.569600e+02
1.284960e+02
1.017840e+02
1.032320e+02
9.819200e+01
1.050560e+02
1.104960e+02
1.184000e+02
1.113440e+02
1.281840e+02
135
1.286880e+02
1.243920e+02
1.202640e+02
1.505680e+02
1.619600e+02
1.534800e+02
8.832000e+01
6.676000e+01
7.252800e+01
6.659200e+01
9.301600e+01
1.524480e+02
1.568400e+02
1.033120e+02
1.030240e+02
1.132720e+02
1.011360e+02
1.163840e+02
1.188720e+02
2.273600e+01
8.852000e+01
1.231200e+02
1.301440e+02
1.151520e+02
1.175280e+02
1.163200e+02
1.189600e+02
1.157200e+02
1.185200e+02
8.572000e+01
8.776000e+01
8.708000e+01
4.810400e+01
3.455200e+01
3.447200e+01
3.455200e+01
3.480000e+01
3.390400e+01
3.454400e+01
5.616800e+01
4.831200e+01
4.370400e+01
4.813600e+01
3.182400e+01
4.357600e+01
3.216800e+01
3.669600e+01
3.946400e+01
3.685600e+01
2.838400e+01
6.780000e+01
6.603200e+01
3.795200e+01
2.824000e+01
3.408000e+01
5.130400e+01
5.104000e+01
5.263200e+01
3.720800e+01
3.802400e+01
3.535200e+01
3.495200e+01
3.464000e+01
9.341600e+01
7.375200e+01
7.593600e+01
4.645600e+01
4.531200e+01
4.623200e+01
4.968800e+01
5.386400e+01
4.946400e+01
4.096000e+01
4.377600e+01
3.336000e+01
3.390400e+01
3.723200e+01
5.738400e+01
1.270080e+02
9.435200e+01
8.410400e+01
7.818400e+01
8.258400e+01
8.442400e+01
1.064880e+02
8.312800e+01
3.633600e+01
9.372800e+01
8.347200e+01
1.058000e+02
2.267200e+02
2.306400e+02
1.177760e+02
6.739200e+01
9.050400e+01
6.478400e+01
9.123200e+01
2.524800e+01
4.238400e+01
1.555200e+01
3.089600e+01
4.688000e+01
4.372800e+01
4.168000e+01
6.049600e+01
9.688800e+01
1.065840e+02
7.312000e+01
5.028000e+01
5.290400e+01
4.552800e+01
5.252800e+01
2.378400e+01
3.281600e+01
6.828000e+01
5.066400e+01
4.613600e+01
6.280000e+01
1.292160e+02
1.277520e+02
1.636880e+02
1.641680e+02
1.561760e+02
8.548800e+01
7.719200e+01
8.752000e+01
7.272800e+01
8.388800e+01
100
1.035440e+02
1.075920e+02
1.107840e+02
1.023360e+02
1.053920e+02
1.045040e+02
8.538400e+01
9.324000e+01
7.809600e+01
6.178400e+01
4.734400e+01
2.844000e+01
2.820000e+01
2.364000e+01
3.086400e+01
3.095200e+01
3.775200e+01
3.462400e+01
3.904000e+01
6.824000e+01
5.513600e+01
2.552800e+01
2.479200e+01
2.800800e+01
3.966400e+01
3.736000e+01
5.965600e+01
7.312000e+01
8.686400e+01
6.261600e+01
4.091200e+01
4.121600e+01
2.948000e+01
4.680000e+01
8.552000e+01
6.720800e+01
4.767200e+01
5.410400e+01
5.864800e+01
2.622400e+01
8.429600e+01
4.536800e+01
5.434400e+01
2.367200e+01
7.017600e+01
1.868560e+02
1.006560e+02
1.006640e+02
9.380800e+01
8.003200e+01
9.344000e+01
7.833600e+01
7.155200e+01
8.638400e+01
3.573600e+01
8.462400e+01
4.302400e+01
7.129600e+01
6.935200e+01
3.991200e+01
3.946400e+01
3.652000e+01
2.192800e+01
1.416000e+01
1.433600e+01
1.582400e+01
2.759200e+01
9.755200e+01
2.139200e+01
2.611200e+01
2.238400e+01
1.640000e+01
1.625600e+01
1.808000e+01
2.387200e+01
2.416000e+01
1.992800e+01
1.583200e+01
1.396080e+02
1.461200e+02
1.258560e+02
7.973600e+01
1.091920e+02
7.434400e+01
4.963200e+01
4.229600e+01
4.985600e+01
4.448000e+01
3.472800e+01
3.942400e+01
4.392000e+01
6.333600e+01
7.420000e+01
4.912800e+01
3.915200e+01
7.616000e+01
7.636800e+01
5.173600e+01
4.709600e+01
5.806400e+01
6.099200e+01
6.660800e+01
6.176000e+01
6.084000e+01
6.068000e+01
6.487200e+01
67
9.038400e+01
8.787200e+01
8.956800e+01
7.108000e+01
7.915200e+01
7.356800e+01
7.262400e+01
7.971200e+01
8.157600e+01
3.328800e+01
3.300800e+01
3.460000e+01
5.331200e+01
5.408000e+01
5.588000e+01
4.265600e+01
5.244800e+01
5.768800e+01
3.776800e+01
5.348000e+01
4.222400e+01
3.372800e+01
3.052000e+01
6.185600e+01
4.258400e+01
4.262400e+01
5.444000e+01
5.691200e+01
4.668000e+01
4.703200e+01
4.265600e+01
4.327200e+01
4.595200e+01
3.033600e+01
3.528800e+01
4.436800e+01
4.208800e+01
4.042400e+01
4.452000e+01
4.283200e+01
2.949600e+01
2.900800e+01
2.575200e+01
2.781600e+01
2.671200e+01
2.570400e+01
3.675200e+01
3.195200e+01
3.743200e+01
3.672000e+01
3.749600e+01
3.519200e+01
3.652000e+01
3.891200e+01
4.412000e+01
3.736000e+01
1.368240e+02
1.934240e+02
6.816800e+01
6.786400e+01
6.692000e+01
4.528000e+01
3.730400e+01
3.572000e+01
2.994400e+01
3.110400e+01
5.592800e+01
5.036800e+01
2.980000e+01
3.692800e+01
4.360000e+01
4.887200e+01
4.998400e+01
8.489600e+01
1.208080e+02
8.520800e+01
6.979200e+01
5.648000e+01
4.264000e+01
3.657600e+01
2.892800e+01
3.889600e+01
3.315200e+01
2.911200e+01
2.994400e+01
3.577600e+01
3.680000e+01
2.990400e+01
3.568800e+01
3.563200e+01
3.144800e+01
3.870400e+01
3.690400e+01
3.884000e+01
4.043200e+01
3.284000e+01
2.546400e+01
2.144800e+01
2.332000e+01
3.453600e+01
4.157600e+01
4.281600e+01
5.252800e+01
5.678400e+01
5.577600e+01
4.019200e+01
4.156800e+01
1.094640e+02
1.088080e+02
7.216000e+01
5.768000e+01
4.070400e+01
2.926400e+01
2.840000e+01
2.693600e+01
2.718400e+01
2.925600e+01
2.823200e+01
2.840800e+01
2.864800e+01
2.832000e+01
3.656000e+01
6.456800e+01
7.060000e+01
7.210400e+01
6.582400e+01
6.843200e+01
7.094400e+01
5.280800e+01
5.431200e+01
7.700800e+01
6.902400e+01
7.477600e+01
7.677600e+01
6.394400e+01
3.311200e+01
4.177600e+01
3.921600e+01
4.732000e+01
4.252800e+01
3.136000e+01
2.329600e+01
2.416800e+01
2.534400e+01
2.973600e+01
2.736800e+01
3.057600e+01
2.405600e+01
3.008800e+01
2.603200e+01
2.608000e+01
2.239200e+01
3.244000e+01
1.496800e+01
1.553600e+01
1.612800e+01
2.525600e+01
2.225600e+01
2.052000e+01
2.431200e+01
2.990400e+01
2.996000e+01
1.912000e+01
1.165600e+01
1.148800e+01
1.356800e+01
1.858400e+01
1.835200e+01
1.765600e+01
1.900800e+01
2.054400e+01
2.860800e+01
2.320000e+01
6.019200e+01
3.192000e+01
5.320000e+01
7.686400e+01
6.599200e+01
7.754400e+01
8.184000e+01
5.280800e+01
4.879200e+01
5.328800e+01
4.481600e+01
7.096800e+01
6.354400e+01
4.821600e+01
3.649600e+01
9.646400e+01
7.750400e+01
4.984000e+01
4.157600e+01
7.114400e+01
6.572000e+01
6.580800e+01
5.348000e+01
6.585600e+01
5.824000e+01
3.862400e+01
4.852800e+01
5.858400e+01
7.120800e+01
5.816000e+01
6.009600e+01
5.724000e+01
6.223200e+01
5.216800e+01
4.092800e+01
5.386400e+01
6.125600e+01
6.860800e+01
5.663200e+01
6.015200e+01
4.300800e+01
6.204800e+01
7.248000e+01
5.224000e+01
5.948000e+01
5.997600e+01
5.394400e+01
3.484000e+01
2.744000e+01
3.281600e+01
5.812800e+01
4.916000e+01
6.164000e+01
4.639200e+01
6.212000e+01
3.990400e+01
3.655200e+01
2.779200e+01
4.346400e+01
5.951200e+01
6.507200e+01
7.084000e+01
8.276000e+01
7.268000e+01
3.818400e+01
4.045600e+01
3.912800e+01
5.978400e+01
7.314400e+01
8.922400e+01
6.621600e+01
4.432800e+01
3.202400e+01
2.937600e+01
3.697600e+01
7.624000e+01
5.317600e+01
3.926400e+01
4.302400e+01
4.626400e+01
2.961600e+01
4.363200e+01
8.264800e+01
4.522400e+01
3.231200e+01
7.245600e+01
7.060800e+01
7.165600e+01
9.218400e+01
7.260800e+01
7.312000e+01
6.141600e+01
6.758400e+01
7.636800e+01
4.778400e+01
3.798400e+01
5.362400e+01
3.720000e+01
3.401600e+01
3.250400e+01
3.058400e+01
2.760000e+01
2.802400e+01
7.040800e+01
7.257600e+01
5.700800e+01
4.050400e+01
4.615200e+01
4.279200e+01
4.968800e+01
4.243200e+01
3.482400e+01
3.984000e+01
5.508000e+01
4.887200e+01
4.715200e+01
4.543200e+01
4.571200e+01
4.584000e+01
4.713600e+01
5.052000e+01
4.879200e+01
5.349600e+01
6.408000e+01
9.792000e+01
6.374400e+01
6.989600e+01
5.621600e+01
4.623200e+01
6.340800e+01
5.849600e+01
6.151200e+01
6.584800e+01
5.073600e+01
5.611200e+01
4.374400e+01
4.755200e+01
5.844000e+01
7.567200e+01
7.659200e+01
6.806400e+01
5.904000e+01
6.108800e+01
4.908000e+01
5.908000e+01
7.801600e+01
7.464000e+01
7.684000e+01
7.290400e+01
5.667200e+01
3.239200e+01
4.022400e+01
4.076000e+01
7.770400e+01
5.221600e+01
6.274400e+01
6.096000e+01
5.805600e+01
5.953600e+01
6.016000e+01
7.812000e+01
7.704800e+01
7.097600e+01
8.193600e+01
9.278400e+01
7.274400e+01
6.330400e+01
5.868000e+01
5.986400e+01
4.500800e+01
3.329600e+01
2.306400e+01
2.328000e+01
2.433600e+01
3.180800e+01
3.808800e+01
4.067200e+01
6.424800e+01
5.966400e+01
5.785600e+01
4.188800e+01
4.740000e+01
5.356000e+01
6.076000e+01
4.985600e+01
4.384800e+01
7.893600e+01
8.170400e+01
5.983200e+01
1.001840e+02
9.906400e+01
1.209600e+02
6.622400e+01
4.268800e+01
4.663200e+01
3.850400e+01
2.544800e+01
3.108000e+01
2.804000e+01
2.736800e+01
2.221600e+01
7.345600e+01
6.401600e+01
4.161600e+01
2.308000e+01
2.848000e+01
4.668000e+01
9.987200e+01
8.231200e+01
6.096800e+01
3.240800e+01
2.127200e+01
1.701600e+01
3.335200e+01
4.179200e+01
5.924800e+01
5.192000e+01
5.359200e+01
2.744000e+01
2.523200e+01
2.392000e+01
2.527200e+01
1.691200e+01
1.647200e+01
1.703200e+01
2.876800e+01
3.524800e+01
3.316800e+01
2.567200e+01
1.968000e+01
2.826400e+01
2.159200e+01
2.459200e+01
3.088000e+01
3.773600e+01
3.309600e+01
2.995200e+01
3.106400e+01
2.036000e+01
1.525600e+01
2.523200e+01
2.574400e+01
2.145600e+01
2.644800e+01
2.717600e+01
1.538400e+01
2.291200e+01
2.362400e+01
1.699200e+01
1.640800e+01
1.659200e+01
1.568800e+01
1.541600e+01
1.566400e+01
1.460800e+01
1.414400e+01
1.448800e+01
1.454400e+01
3.423200e+01
4.254400e+01
3.664000e+01
2.864800e+01
1.635200e+01
3.344800e+01
3.318400e+01
4.392800e+01
3.826400e+01
2.917600e+01
1.939200e+01
2.105600e+01
2.329600e+01
3.852800e+01
3.047200e+01
2.566400e+01
2.174400e+01
2.496800e+01
2.310400e+01
2.966400e+01
3.386400e+01
6.985600e+01
4.605600e+01
3.981600e+01
7.669600e+01
7.984800e+01
7.566400e+01
4.184000e+01
6.837600e+01
6.181600e+01
6.559200e+01
6.551200e+01
7.120800e+01
4.165600e+01
5.950400e+01
5.521600e+01
2.798400e+01
2.731200e+01
2.721600e+01
2.928800e+01
6.544000e+01
5.975200e+01
4.138400e+01
7.642400e+01
5.248800e+01
4.257600e+01
4.971200e+01
5.740000e+01
5.980000e+01
5.072800e+01
3.940000e+01
3.143200e+01
25
2.295200e+01
2.262400e+01
3.169600e+01
5.545600e+01
5.497600e+01
4.744800e+01
5.574400e+01
6.084800e+01
5.956800e+01
4.840800e+01
3.329600e+01
3.472800e+01
3.310400e+01
3.147200e+01
2.764000e+01
2.692000e+01
2.453600e+01
2.576800e+01
4.349600e+01
5.393600e+01
6.160800e+01
6.066400e+01
4.186400e+01
3.231200e+01
3.492800e+01
3.576800e+01
4.612000e+01
4.676800e+01
2.929600e+01
2.966400e+01
2.372000e+01
2.864800e+01
5.701600e+01
6.589600e+01
5.614400e+01
6.400800e+01
8.090400e+01
89
7.151200e+01
5.513600e+01
5.053600e+01
2.759200e+01
7.658400e+01
9.376800e+01
6.008800e+01
6.894400e+01
7.810400e+01
6.874400e+01
5.401600e+01
6.314400e+01
5.080000e+01
7.212800e+01
7.274400e+01
6.908800e+01
5.604800e+01
5.470400e+01
52
4.822400e+01
3.579200e+01
5.359200e+01
3.692800e+01
4.659200e+01
3.919200e+01
4.143200e+01
4.101600e+01
4.562400e+01
4.544800e+01
4.489600e+01
4.349600e+01
4.874400e+01
5.243200e+01
8.274400e+01
9.860800e+01
5.580800e+01
5.013600e+01
5.011200e+01
5.324000e+01
6.604000e+01
4.043200e+01
4.812800e+01
5.346400e+01
4.044800e+01
7.753600e+01
4.196000e+01
6.099200e+01
6.991200e+01
5.291200e+01
3.509600e+01
4.616000e+01
4.698400e+01
4.624000e+01
4.112800e+01
4.150400e+01
6.471200e+01
8.916000e+01
8.017600e+01
5.752800e+01
3.724800e+01
3.983200e+01
1.748800e+01
3.232000e+01
8.168000e+01
1.472240e+02
1.815600e+02
2.514400e+01
2.747200e+01
2.245600e+01
2.524000e+01
2.664000e+01
2.596000e+01
2.631200e+01
2.862400e+01
3.929600e+01
4.421600e+01
4.602400e+01
3.850400e+01
3.120000e+01
2.762400e+01
2.825600e+01
2.456000e+01
1.868000e+01
2.815200e+01
4.772000e+01
3.768800e+01
46
3.188000e+01
1.747200e+01
4.056800e+01
9.024800e+01
9.456000e+01
1.022240e+02
1.048800e+02
9.853600e+01
9.424800e+01
8.073600e+01
1.209680e+02
1.454880e+02
1.041520e+02
8.897600e+01
6.872800e+01
6.771200e+01
7.383200e+01
6.474400e+01
6.444800e+01
7.684000e+01
9.770400e+01
9.882400e+01
9.083200e+01
8.624000e+01
1.019200e+02
1.097200e+02
1.018400e+02
9.764000e+01
8.661600e+01
7.936000e+01
6.598400e+01
6.460000e+01
8.366400e+01
8.693600e+01
8.840000e+01
5.791200e+01
6.236000e+01
6.157600e+01
5.720000e+01
2.855200e+01
3.848000e+01
7.175200e+01
8.032000e+01
4.176800e+01
3.666400e+01
4.162400e+01
8.093600e+01
9.680000e+01
7.385600e+01
6.702400e+01
6.359200e+01
6.588000e+01
6.716000e+01
6.665600e+01
7.380800e+01
7.668800e+01
8.416800e+01
7.974400e+01
5.264000e+01
5.990400e+01
5.007200e+01
4.947200e+01
4.837600e+01
5.904800e+01
5.596800e+01
5.652800e+01
6.212800e+01
6.192800e+01
5.640000e+01
5.903200e+01
7.948800e+01
5.297600e+01
6.480000e+01
2.340800e+01
2.367200e+01
3.752000e+01
6.334400e+01
5.540000e+01
4.588000e+01
4.676000e+01
4.728000e+01
52
5.744000e+01
5.816000e+01
7.980000e+01
1.954400e+01
3.140800e+01
6.804800e+01
2.568800e+01
4.384800e+01
7.176000e+01
5.988800e+01
4.724000e+01
4.985600e+01
4.009600e+01
6.220800e+01
8.958400e+01
6.129600e+01
8.684800e+01
1.079520e+02
4.738400e+01
5.804800e+01
3.588800e+01
4.100800e+01
3.164000e+01
3.422400e+01
8.000800e+01
7.774400e+01
6.989600e+01
5.899200e+01
5.801600e+01
6.644000e+01
5.818400e+01
6.490400e+01
6.334400e+01
7.124000e+01
6.175200e+01
6.878400e+01
8.139200e+01
6.083200e+01
5.746400e+01
6.192800e+01
5.797600e+01
3.890400e+01
3.984000e+01
5.072000e+01
4.338400e+01
6.627200e+01
5.372800e+01
4.681600e+01
5.759200e+01
4.774400e+01
5.196000e+01
6.660000e+01
6.732800e+01
1.106880e+02
8.081600e+01
6.430400e+01
5.756800e+01
5.336000e+01
6.196800e+01
5.312800e+01
4.269600e+01
3.997600e+01
4.222400e+01
5.919200e+01
8.127200e+01
8.739200e+01
6.749600e+01
5.144800e+01
5.648000e+01
3.456000e+01
3.462400e+01
4.572000e+01
5.165600e+01
3.933600e+01
3.154400e+01
3.181600e+01
3.463200e+01
3.002400e+01
2.769600e+01
2.598400e+01
4.506400e+01
3.756800e+01
3.789600e+01
3.379200e+01
5.897600e+01
4.764000e+01
6.192000e+01
5.201600e+01
5.907200e+01
5.632000e+01
5.360800e+01
4.321600e+01
2.990400e+01
2.977600e+01
3.020000e+01
2.929600e+01
4.096000e+01
4.367200e+01
4.445600e+01
3.344800e+01
3.608800e+01
7.837600e+01
9.862400e+01
1.358880e+02
1.066320e+02
8.020000e+01
5.336800e+01
4.999200e+01
1.021120e+02
6.432000e+01
4.528800e+01
5.414400e+01
1.033440e+02
9.976800e+01
4.324000e+01
4.722400e+01
3.856000e+01
4.207200e+01
5.572800e+01
5.392800e+01
7.852800e+01
8.439200e+01
7.201600e+01
4.352000e+01
5.108000e+01
4.267200e+01
5.061600e+01
6.883200e+01
1.029360e+02
2.617600e+01
3.698400e+01
5.307200e+01
5.896000e+01
6.532000e+01
6.800800e+01
5.805600e+01
6.386400e+01
5.464800e+01
4.036000e+01
4.174400e+01
4.768800e+01
1.363600e+02
1.659360e+02
5.512800e+01
1.598400e+01
1.592800e+01
5.031200e+01
5.179200e+01
3.328000e+01
5.415200e+01
7.967200e+01
8.409600e+01
7.198400e+01
7.045600e+01
9.284000e+01
7.907200e+01
8.790400e+01
8.028800e+01
7.072000e+01
6.676800e+01
5.638400e+01
5.124000e+01
4.744800e+01
4.993600e+01
7.002400e+01
8.816000e+01
6.898400e+01
6.288000e+01
7.252800e+01
7.797600e+01
8.766400e+01
9.905600e+01
9.301600e+01
8.664800e+01
3.724000e+01
4.556000e+01
5.026400e+01
4.769600e+01
5.551200e+01
5.860800e+01
5.936800e+01
4.483200e+01
3.698400e+01
2.456000e+01
2.989600e+01
4.518400e+01
3.538400e+01
2.524800e+01
2.792800e+01
3.140000e+01
2.832800e+01
4.038400e+01
3.704800e+01
4.966400e+01
3.348000e+01
3.688800e+01
5.829600e+01
6.103200e+01
2.975200e+01
3.291200e+01
4.701600e+01
4.258400e+01
6.096000e+01
7.308800e+01
6.461600e+01
2.994400e+01
3.604000e+01
2.744800e+01
4.015200e+01
3.501600e+01
2.572800e+01
2.580000e+01
2.756000e+01
2.606400e+01
3.285600e+01
3.265600e+01
4.424800e+01
4.552000e+01
4.422400e+01
3.737600e+01
3.051200e+01
3.544000e+01
3.635200e+01
3.076000e+01
4.592800e+01
3.521600e+01
4.699200e+01
3.688000e+01
5.886400e+01
42
4.144800e+01
3.493600e+01
4.604000e+01
3.728800e+01
2.219200e+01
2.592800e+01
2.933600e+01
2.884800e+01
5.320800e+01
1.278480e+02
8.524800e+01
5.033600e+01
8.448800e+01
1.160240e+02
1.173840e+02
1.312400e+02
1.177520e+02
6.943200e+01
7.821600e+01
7.390400e+01
9.007200e+01
9.373600e+01
7.631200e+01
8.791200e+01
1.017120e+02
9.744800e+01
9.367200e+01
9.318400e+01
9.874400e+01
9.060800e+01
8.856000e+01
1.076800e+02
1.126240e+02
1.112320e+02
1.098160e+02
1.488480e+02
1.158800e+02
1.022480e+02
8.481600e+01
8.059200e+01
1.041680e+02
1.163520e+02
8.855200e+01
1.060400e+02
9.845600e+01
1.033600e+02
9.928800e+01
81
9.752000e+01
9.163200e+01
7.891200e+01
9.636000e+01
8.090400e+01
8.106400e+01
8.788800e+01
8.686400e+01
9.244000e+01
9.096000e+01
9.278400e+01
7.698400e+01
7.198400e+01
7.343200e+01
8.079200e+01
1.154160e+02
1.098880e+02
8.060800e+01
6.471200e+01
6.436800e+01
6.812800e+01
6.692000e+01
5.725600e+01
5.502400e+01
5.768800e+01
5.431200e+01
4.796800e+01
3.957600e+01
3.465600e+01
3.870400e+01
6.395200e+01
4.374400e+01
5.981600e+01
6.794400e+01
7.552000e+01
5.724000e+01
5.140000e+01
3.797600e+01
3.929600e+01
5.189600e+01
4.940000e+01
5.150400e+01
6.064800e+01
5.970400e+01
6.025600e+01
6.305600e+01
6.283200e+01
5.645600e+01
6.888000e+01
85
5.872800e+01
6.505600e+01
5.685600e+01
3.263200e+01
3.057600e+01
3.050400e+01
3.252000e+01
3.797600e+01
3.891200e+01
4.329600e+01
4.743200e+01
51
4.532000e+01
4.638400e+01
4.856800e+01
5.399200e+01
5.538400e+01
5.521600e+01
2.886400e+01
2.880000e+01
2.792000e+01
2.846400e+01
2.988000e+01
3.216000e+01
2.345600e+01
2.272800e+01
2.326400e+01
2.321600e+01
2.328000e+01
2.320000e+01
22
2.440000e+01
5.484800e+01
6.387200e+01
8.755200e+01
1.001680e+02
9.556000e+01
8.090400e+01
5.641600e+01
5.294400e+01
5.004800e+01
3.872000e+01
6.858400e+01
6.626400e+01
8.894400e+01
9.072800e+01
5.963200e+01
6.104000e+01
5.674400e+01
4.392000e+01
4.469600e+01
6.956000e+01
8.688000e+01
1.058960e+02
1.003040e+02
6.896800e+01
4.044000e+01
1.418320e+02
6.741600e+01
5.284000e+01
4.252000e+01
2.924800e+01
2.931200e+01
2.931200e+01
3.003200e+01
3.024800e+01
2.789600e+01
3.028000e+01
2.240000e+01
2.897600e+01
3.745600e+01
6.858400e+01
2.741600e+01
2.164800e+01
2.069600e+01
2.433600e+01
3.025600e+01
3.328800e+01
3.927200e+01
3.699200e+01
3.605600e+01
2.929600e+01
3.829600e+01
4.891200e+01
5.142400e+01
4.820800e+01
5.058400e+01
6.401600e+01
8.742400e+01
7.554400e+01
8.876800e+01
3.476000e+01
3.420000e+01
4.950400e+01
8.477600e+01
5.616000e+01
4.499200e+01
2.872800e+01
3.990400e+01
6.269600e+01
3.344800e+01
2.561600e+01
2.664800e+01
3.708800e+01
5.179200e+01
3.900800e+01
4.936800e+01
9.169600e+01
7.469600e+01
4.894400e+01
7.054400e+01
5.782400e+01
4.597600e+01
5.861600e+01
7.741600e+01
6.240800e+01
6.378400e+01
7.036000e+01
3.657600e+01
5.156800e+01
6.098400e+01
3.617600e+01
6.484800e+01
6.564000e+01
4.484000e+01
3.295200e+01
8.150400e+01
5.860800e+01
5.340000e+01
7.048800e+01
4.218400e+01
4.834400e+01
3.940000e+01
4.087200e+01
3.924800e+01
3.940800e+01
3.934400e+01
3.829600e+01
4.240800e+01
2.031200e+01
2.135200e+01
3.849600e+01
4.651200e+01
4.662400e+01
5.768800e+01
5.419200e+01
3.568800e+01
4.200800e+01
5.659200e+01
4.490400e+01
2.576000e+01
4.030400e+01
3.491200e+01
3.056800e+01
3.242400e+01
5.709600e+01
7.400800e+01
7.551200e+01
5.144000e+01
4.468800e+01
3.968800e+01
4.342400e+01
4.133600e+01
5.767200e+01
6.236800e+01
8.180800e+01
5.558400e+01
3.039200e+01
3.304000e+01
2.820800e+01
2.802400e+01
3.129600e+01
3.199200e+01
3.008800e+01
5.578400e+01
5.095200e+01
2.806400e+01
6.910400e+01
3.264000e+01
2.980000e+01
2.089600e+01
3.013600e+01
3.930400e+01
3.868000e+01
3.159200e+01
2.606400e+01
2.732000e+01
4.235200e+01
6.632800e+01
4.803200e+01
5.733600e+01
6.843200e+01
4.176800e+01
5.044800e+01
2.676000e+01
3.080000e+01
5.313600e+01
6.248800e+01
5.864800e+01
6.540800e+01
4.208000e+01
5.884800e+01
3.272800e+01
3.206400e+01
2.517600e+01
3.552800e+01
2.959200e+01
3.498400e+01
4.392000e+01
4.825600e+01
6.073600e+01
4.715200e+01
4.237600e+01
2.208000e+01
2.121600e+01
3.460000e+01
3.395200e+01
4.860800e+01
4.502400e+01
4.460800e+01
5.094400e+01
4.461600e+01
5.080000e+01
5.922400e+01
5.622400e+01
6.689600e+01
8.060800e+01
7.460800e+01
6.365600e+01
5.440800e+01
5.902400e+01
6.008800e+01
3.435200e+01
4.758400e+01
4.647200e+01
4.099200e+01
4.588000e+01
5.141600e+01
4.870400e+01
3.158400e+01
4.970400e+01
4.760000e+01
5.698400e+01
6.084800e+01
4.819200e+01
7.716800e+01
7.282400e+01
8.717600e+01
8.922400e+01
6.970400e+01
4.915200e+01
3.361600e+01
5.472800e+01
7.269600e+01
5.620800e+01
5.438400e+01
6.125600e+01
5.412800e+01
6.236800e+01
5.612000e+01
5.306400e+01
3.208000e+01
3.830400e+01
4.812000e+01
3.734400e+01
3.328000e+01
4.552000e+01
5.024800e+01
4.099200e+01
3.522400e+01
3.577600e+01
5.050400e+01
5.217600e+01
3.677600e+01
4.028000e+01
2.360800e+01
3.059200e+01
3.481600e+01
3.192000e+01
2.631200e+01
2.657600e+01
4.792000e+01
5.148800e+01
